Iteration	Q Value	Difference	G Value
1	-124.99975	0.0002499999999940883	-1.0
2	-124.99950025000001	0.0002497499999947195	-1.0
3	-124.99925050225	0.00024974775000430327	-1.0
4	-124.99900050974499	0.00024999250501878123	-1.0
5	-124.99875076674292	0.0002497430020724778	-1.0
6	-124.99850077923524	0.00024998750767224465	-1.0
7	-124.99825104098149	0.00024973825375695924	-1.0
8	-124.99800105847108	0.0002499825104109732	-1.0
9	-124.9977513252108	0.00024973326027577514	-1.0
10	-124.99750134769755	0.0002499775132491777	-1.0
11	-124.99725161943041	0.00024972826713565155	-1.0
12	-124.99700164691421	0.0002499725162010691	-1.0
13	-124.99675217087038	0.0002494760438338517	-1.0
14	-124.99650220334867	0.0002499675217109143	-1.0
15	-124.99625273180109	0.0002494715475762632	-1.0
16	-124.99600301478813	0.0002497170129629467	-1.0
17	-124.99575305475798	0.0002499600301462124	-1.0
18	-124.99550309528034	0.0002499594776423919	-1.0
19	-124.99525314024939	0.0002499550309522647	-1.0
20	-124.99500293881223	0.0002502014371543737	-1.0
21	-124.99475298878285	0.00024995002938510424	-1.0
22	-124.99450030724145	0.0002526815413972372	-1.0
23	-124.99425036423159	0.0002499430098623634	-1.0
24	-124.99400042172795	0.00024994250364329673	-1.0
25	-124.99375048420555	0.00024993752239765854	-1.0
26	-124.9935005467007	0.00024993750484725297	-1.0
27	-124.99325061441458	0.00024993228612402163	-1.0
28	-124.99300068190843	0.0002499325061506852	-1.0
29	-124.99275075486041	0.00024992704801718446	-1.0
30	-124.99250082735286	0.0002499275075535934	-1.0
31	-124.99225090554476	0.0002499218080913579	-1.0
32	-124.99200097992065	0.0002499256241179637	-1.0
33	-124.99175105991085	0.0002499200097929588	-1.0
34	-124.9915011397861	0.00024992012475877345	-1.0
35	-124.9912512247747	0.000249915011394819	-1.0
36	-124.99100131014426	0.0002499146304444366	-1.0
37	-124.99075115109333	0.00025015905092118373	-1.0
38	-124.99050124358182	0.00024990751151676704	-1.0
39	-124.99025133856938	0.0002499050124384894	-1.0
40	-124.99000094084626	0.0002503977231214094	-1.0
41	-124.98974903802718	0.0002519028190732797	-1.0
42	-124.98949914053681	0.00024989749037729325	-1.0
43	-124.98924900118801	0.0002501393487932546	-1.0
44	-124.988999108698	0.00024989249001805547	-1.0
45	-124.98874921870691	0.00024988999108188636	-1.0
46	-124.98849933121473	0.0002498874921883498	-1.0
47	-124.98824943881361	0.00024989240111494837	-1.0
48	-124.98799955631922	0.0002498824943870659	-1.0
49	-124.98774967063564	0.0002498856835870811	-1.0
50	-124.98749904728857	0.00025062334707115497	-1.0
51	-124.98724917229809	0.0002498749904731312	-1.0
52	-124.98699829739988	0.00025087489821373765	-1.0
53	-124.98673400318441	0.0002642942154693628	-1.0
54	-124.98648413584438	0.0002498673400310736	-1.0
55	-124.98623376868674	0.00025036715763349093	-1.0
56	-124.98598390634906	0.00024986233768231614	-1.0
57	-124.98573404651	0.00024985983905878584	-1.0
58	-124.9854836905734	0.00025035593660049926	-1.0
59	-124.9852338357365	0.00024985483690898036	-1.0
60	-124.98498398339814	0.00024985233835650433	-1.0
61	-124.98473363868055	0.00025034471758544896	-1.0
62	-124.98448379134416	0.00024984733639143997	-1.0
63	-124.98423394650625	0.0002498448379100182	-1.0
64	-124.98398386034714	0.0002500861591130388	-1.0
65	-124.98373402050854	0.0002498398386023837	-1.0
66	-124.98348418316833	0.00024983734020622705	-1.0
67	-124.98322290586589	0.00026127730244240865	-1.0
68	-124.98297307363683	0.0002498322290591659	-1.0
69	-124.98271205674278	0.0002610168940435642	-1.0
70	-124.98246222962221	0.0002498271205695346	-1.0
71	-124.98221342346855	0.00024880615366384973	-1.0
72	-124.98196360133431	0.0002498221342364104	-1.0
73	-124.98171430793835	0.00024929339596724276	-1.0
74	-124.98146452557053	0.00024978236781691976	-1.0
75	-124.98121471092527	0.00024981464525808406	-1.0
76	-124.98096444309067	0.0002502678346019138	-1.0
77	-124.98071463344624	0.00024980964442988807	-1.0
78	-124.98046482629991	0.0002498071463321594	-1.0
79	-124.98021457087319	0.0002502554267209689	-1.0
80	-124.97996476872748	0.00024980214570291537	-1.0
81	-124.9797145229565	0.0002502457709852024	-1.0
82	-124.97946378974798	0.0002507332085173175	-1.0
83	-124.97921281665249	0.00025097309548982594	-1.0
84	-124.9789473282783	0.0002654883741968206	-1.0
85	-124.97869753880501	0.0002497894732869099	-1.0
86	-124.97844775182962	0.0002497869753881332	-1.0
87	-124.97819753339904	0.0002502184305797073	-1.0
88	-124.97794775142371	0.0002497819753273234	-1.0
89	-124.9776979719462	0.0002497794775138118	-1.0
90	-124.97744776565276	0.0002502062934439664	-1.0
91	-124.9771979911751	0.00024977447765195393	-1.0
92	-124.9769482191952	0.0002497719799094966	-1.0
93	-124.97669802528038	0.00025019391480896047	-1.0
94	-124.97644825830014	0.0002497669802465907	-1.0
95	-124.97619807401344	0.00025018428669909554	-1.0
96	-124.9759483120327	0.0002497619807400042	-1.0
97	-124.97569813712639	0.00025017490631285	-1.0
98	-124.97544838014501	0.00024975698137552627	-1.0
99	-124.97519796736387	0.0002504127811420176	-1.0
100	-124.97494821538419	0.00024975197968046814	-1.0
101	-124.9746975649856	0.0002506503985841846	-1.0
102	-124.97444781800995	0.00024974697565482984	-1.0
103	-124.97419807353177	0.00024974447818237877	-1.0
104	-124.97394790393136	0.000250169600406025	-1.0
105	-124.97369816445232	0.0002497394790452745	-1.0
106	-124.97344842747067	0.0002497369816438777	-1.0
107	-124.9731986929864	0.0002497344842709026	-1.0
108	-124.97294878550031	0.00024990748609354796	-1.0
109	-124.97269905601246	0.0002497294878480716	-1.0
110	-124.9724493290219	0.00024972699056036163	-1.0
111	-124.97219968113058	0.0002496478913229794	-1.0
112	-124.97194995913377	0.0002497219968091713	-1.0
113	-124.97170023963417	0.0002497194995925156	-1.0
114	-124.97145060385142	0.00024963578275105647	-1.0
115	-124.97118192787515	0.00026867597627244777	-1.0
116	-124.97093229218991	0.0002496356852361714	-1.0
117	-124.970682582867	0.00024970932291523695	-1.0
118	-124.97043287604117	0.00024970682582647896	-1.0
119	-124.9701832532238	0.00024962281737828107	-1.0
120	-124.96993355139126	0.00024970183253003597	-1.0
121	-124.96968385205575	0.00024969933551233225	-1.0
122	-124.96943415521723	0.00024969683852305025	-1.0
123	-124.969185041918	0.0002491132992332723	-1.0
124	-124.96893535006758	0.00024969185041356923	-1.0
125	-124.96868649333771	0.00024885672986840746	-1.0
126	-124.96843680647278	0.00024968686493309633	-1.0
127	-124.96818771166026	0.0002490948125171144	-1.0
128	-124.96793802978314	0.00024968187712204326	-1.0
129	-124.96768894433275	0.0002490854503918172	-1.0
130	-124.9674393711362	0.000249573196555275	-1.0
131	-124.96718969674248	0.00024967439371437194	-1.0
132	-124.96692029106009	0.0002694056823884239	-1.0
133	-124.96667062185718	0.0002496692029154701	-1.0
134	-124.96642133042033	0.00024929143684460087	-1.0
135	-124.96617166620703	0.0002496642132996385	-1.0
136	-124.96592189047769	0.00024977572934403725	-1.0
137	-124.96567223125878	0.0002496592189089597	-1.0
138	-124.96542197224655	0.0002502590122333004	-1.0
139	-124.96517231802682	0.00024965421972922286	-1.0
140	-124.96492266630364	0.00024965172318047735	-1.0
141	-124.96467242181457	0.0002502444890666311	-1.0
142	-124.96442277509036	0.0002496467242139033	-1.0
143	-124.9641731308626	0.00024964422775042294	-1.0
144	-124.96392290113329	0.00025022972931765253	-1.0
145	-124.96367326190428	0.0002496392290112226	-1.0
146	-124.96342304442365	0.0002502174806267021	-1.0
147	-124.9631734101932	0.0002496342304425525	-1.0
148	-124.9629237784591	0.0002496317341069698	-1.0
149	-124.96267382285005	0.0002499556090498345	-1.0
150	-124.96242419611183	0.00024962673822415127	-1.0
151	-124.96217425199221	0.0002499441196164298	-1.0
152	-124.96192463024968	0.00024962174252607383	-1.0
153	-124.96167445049223	0.00025017975745811327	-1.0
154	-124.96142483374771	0.0002496167445116271	-1.0
155	-124.96117441884913	0.00025041489858779187	-1.0
156	-124.96092480710493	0.00024961174419502186	-1.0
157	-124.9606741573167	0.00025064978822797457	-1.0
158	-124.96042455057513	0.0002496067415762582	-1.0
159	-124.96017341929802	0.00025113127711051675	-1.0
160	-124.95992381756382	0.00024960173419685816	-1.0
161	-124.95967421832565	0.0002495992381739143	-1.0
162	-124.95942334984775	0.00025086847789168587	-1.0
163	-124.95917375561426	0.00024959423349457666	-1.0
164	-124.95892265274776	0.0002511028664997639	-1.0
165	-124.95867306352123	0.00024958922652729143	-1.0
166	-124.9584234767906	0.00024958673063224524	-1.0
167	-124.95817238961833	0.00025108717227340094	-1.0
168	-124.95792280789443	0.0002495817238923337	-1.0
169	-124.95767322866635	0.0002495792280825526	-1.0
170	-124.95740733957459	0.000265889091764393	-1.0
171	-124.9571577655012	0.00024957407339343263	-1.0
172	-124.95690819392354	0.00024957157765470583	-1.0
173	-124.95664281483977	0.0002653790837712222	-1.0
174	-124.95639324841162	0.0002495664281525478	-1.0
175	-124.95614368447913	0.0002495639324848753	-1.0
176	-124.95589386628728	0.0002498181918468845	-1.0
177	-124.95564430734862	0.0002495589386626307	-1.0
178	-124.95539425497233	0.0002500523762876128	-1.0
179	-124.95514470102978	0.00024955394255243846	-1.0
180	-124.95489514958277	0.00024955144701266363	-1.0
181	-124.95464486602003	0.0002502835627353761	-1.0
182	-124.95439531957138	0.00024954644865715636	-1.0
183	-124.95414577561817	0.00024954395320264666	-1.0
184	-124.95389550840653	0.00025026721164067567	-1.0
185	-124.95364596945144	0.0002495389550887239	-1.0
186	-124.95339643299175	0.00024953645969105764	-1.0
187	-124.95314642915382	0.0002500038379338321	-1.0
188	-124.95289689768953	0.00024953146429140816	-1.0
189	-124.95264736872055	0.000249528968979007	-1.0
190	-124.95239738117056	0.00024998754999217	-1.0
191	-124.95214785719675	0.0002495239738067312	-1.0
192	-124.95189833571818	0.0002495214785653843	-1.0
193	-124.95164836468956	0.00024997102862300835	-1.0
194	-124.95139815790992	0.00025020677963993876	-1.0
195	-124.95114864392835	0.0002495139815721359	-1.0
196	-124.9508991324419	0.00024951148644447585	-1.0
197	-124.95064962345057	0.00024950899133102666	-1.0
198	-124.95039943638514	0.00025018706543278313	-1.0
199	-124.95014993239077	0.00024950399436818316	-1.0
200	-124.94990043089145	0.00024950149932578825	-1.0
201	-124.94965050823836	0.0002499226530829901	-1.0
202	-124.94940101173329	0.000249496505077218	-1.0
203	-124.94915151772317	0.0002494940101200882	-1.0
204	-124.9489018587215	0.00024965900166762367	-1.0
205	-124.94865236970291	0.0002494890185857912	-1.0
206	-124.94840288317921	0.0002494865236997157	-1.0
207	-124.94815324032436	0.00024964285485395976	-1.0
208	-124.94790375879195	0.0002494815324070032	-1.0
209	-124.94765427975436	0.000249479037591982	-1.0
210	-124.9474046527922	0.00024962696215879987	-1.0
211	-124.94715517874567	0.0002494740465266432	-1.0
212	-124.94690556517105	0.00024961357462416345	-1.0
213	-124.9466560961154	0.0002494690556460455	-1.0
214	-124.94640624919337	0.0002498469220313382	-1.0
215	-124.94615678513088	0.00024946406249171105	-1.0
216	-124.94590670535547	0.0002500797754123596	-1.0
217	-124.94565724628842	0.000249459067049429	-1.0
218	-124.94540668744378	0.00025055884464109113	-1.0
219	-124.94515540132049	0.0002512861232872865	-1.0
220	-124.94490594976648	0.0002494515540121256	-1.0
221	-124.94465650070698	0.0002494490594955323	-1.0
222	-124.94440705414198	0.00024944656500736073	-1.0
223	-124.94415579033925	0.000251263802724111	-1.0
224	-124.94390634878135	0.00024944155789796696	-1.0
225	-124.94364947909493	0.0002568696864244657	-1.0
226	-124.94338561508036	0.0002638640145704585	-1.0
227	-124.9431361812242	0.0002494338561547238	-1.0
228	-124.9428867498624	0.00024943136180866077	-1.0
229	-124.94263732099489	0.0002494288675052303	-1.0
230	-124.94238734349838	0.00024997749650879086	-1.0
231	-124.94213791962494	0.00024942387344140116	-1.0
232	-124.94188849824575	0.0002494213791948141	-1.0
233	-124.94163907936077	0.00024941888497664877	-1.0
234	-124.94138966296998	0.00024941639078690514	-1.0
235	-124.94114066388217	0.00024899908781605973	-1.0
236	-124.94089125247552	0.0002494114066422526	-1.0
237	-124.940641843563	0.00024940891252356323	-1.0
238	-124.94039243714457	0.0002494064184332956	-1.0
239	-124.94014395188914	0.0002484852554260897	-1.0
240	-124.93989455044962	0.00024940143951823757	-1.0
241	-124.93964607920466	0.0002484712449586368	-1.0
242	-124.93938496719005	0.00026111201461276323	-1.0
243	-124.93912361341343	0.0002613537766222862	-1.0
244	-124.93886201789627	0.0002615955171592077	-1.0
245	-124.93859267970214	0.0002693381941298867	-1.0
246	-124.93834329377535	0.00024938592679291105	-1.0
247	-124.9380939103424	0.00024938343294422793	-1.0
248	-124.93784452940329	0.00024938093910975567	-1.0
249	-124.93759737740083	0.0002471520024585061	-1.0
250	-124.93734800142705	0.00024937597378027476	-1.0
251	-124.93709862794704	0.0002493734800168568	-1.0
252	-124.93685173774445	0.00024689020258961136	-1.0
253	-124.93660236922707	0.0002493685173732274	-1.0
254	-124.93635524404803	0.0002471251790439055	-1.0
255	-124.93610588049559	0.0002493635524416504	-1.0
256	-124.93585651943678	0.00024936105880613013	-1.0
257	-124.93560940913746	0.00024711029932689144	-1.0
258	-124.93536005304337	0.000249356094087716	-1.0
259	-124.93509371431193	0.0002663387314356669	-1.0
260	-124.93482637830496	0.0002673360069707087	-1.0
261	-124.93457703004118	0.0002493482637788702	-1.0
262	-124.93432768427088	0.0002493457702996693	-1.0
263	-124.93408137185672	0.0002463124141627304	-1.0
264	-124.933832031043	0.0002493408137240749	-1.0
265	-124.93358269272268	0.0002493383203159283	-1.0
266	-124.93333639461483	0.0002462981078537041	-1.0
267	-124.93308706125089	0.00024933336393928585	-1.0
268	-124.93284052835396	0.000246532896923668	-1.0
269	-124.93259119994867	0.00024932840528890665	-1.0
270	-124.93234418614293	0.0002470138057475424	-1.0
271	-124.93209486270106	0.0002493234418636803	-1.0
272	-124.93184554175244	0.0002493209486260639	-1.0
273	-124.93159622329702	0.00024931845541686926	-1.0
274	-124.93134947482675	0.00024674847027483793	-1.0
275	-124.931100161332	0.0002493134947485487	-1.0
276	-124.93085085033039	0.0002493110016104083	-1.0
277	-124.9306046110556	0.00024623927478728547	-1.0
278	-124.93034101384966	0.00026359720594371083	-1.0
279	-124.93009171043951	0.00024930341014339774	-1.0
280	-124.92984574679402	0.00024596364549722693	-1.0
281	-124.92959644833655	0.00024929845746157753	-1.0
282	-124.92934715237207	0.00024929596447975655	-1.0
283	-124.92910144953709	0.00024570283498803747	-1.0
284	-124.92885215852259	0.00024929101449799873	-1.0
285	-124.92860646669716	0.0002456918254267748	-1.0
286	-124.92835718063249	0.0002492860646725603	-1.0
287	-124.92811125298185	0.0002459276506385777	-1.0
288	-124.92786197186932	0.0002492811125307526	-1.0
289	-124.9276126932496	0.00024927861971946186	-1.0
290	-124.92736677954781	0.00024591370178939087	-1.0
291	-124.92711750588002	0.00024927366779081694	-1.0
292	-124.92686823470495	0.00024927117506479135	-1.0
293	-124.92662233494327	0.0002458997616798797	-1.0
294	-124.92637306871993	0.00024926622334930926	-1.0
295	-124.92612380498925	0.0002492637306801271	-1.0
296	-124.92587791940336	0.0002458855858833431	-1.0
297	-124.92562866062417	0.00024925877919201866	-1.0
298	-124.92538299807835	0.0002456625458222561	-1.0
299	-124.92513374424837	0.000249253829977647	-1.0
300	-124.92488805750739	0.0002456867409819097	-1.0
301	-124.92464213381548	0.0002459236919065688	-1.0
302	-124.92439288739415	0.00024924642133328234	-1.0
303	-124.92414364346527	0.000249243928877263	-1.0
304	-124.92389773452757	0.0002459089376998236	-1.0
305	-124.92364849555022	0.000249238977346522	-1.0
306	-124.92339925906526	0.0002492364849615569	-1.0
307	-124.92315002507267	0.0002492339925908027	-1.0
308	-124.92290462664631	0.00024539842635817877	-1.0
309	-124.92265539760005	0.00024922904626123454	-1.0
310	-124.92240617104608	0.00024922655397574545	-1.0
311	-124.92216103313032	0.0002451379157548672	-1.0
312	-124.92189958700563	0.00026144612469636286	-1.0
313	-124.92163512384519	0.0002644631604340475	-1.0
314	-124.92137017255004	0.00026495129515069493	-1.0
315	-124.92112095884832	0.0002492137017213736	-1.0
316	-124.92087633767491	0.00024462117340817713	-1.0
317	-124.92062712891153	0.0002492087633783058	-1.0
318	-124.92037792264024	0.00024920627129176864	-1.0
319	-124.92012871886102	0.00024920377921944237	-1.0
320	-124.91988436060845	0.0002443582525728516	-1.0
321	-124.91963516176484	0.00024919884360485867	-1.0
322	-124.91939081427857	0.00024434748627299996	-1.0
323	-124.91914162037043	0.00024919390814659437	-1.0
324	-124.91889724091592	0.0002443794545001765	-1.0
325	-124.91864805194352	0.000249188972404113	-1.0
326	-124.918398865463	0.0002491864805165278	-1.0
327	-124.91814968147435	0.00024918398865736435	-1.0
328	-124.91790556472024	0.00024411675410362932	-1.0
329	-124.9176563856646	0.00024917905564336706	-1.0
330	-124.91741252621736	0.00024385944723803732	-1.0
331	-124.91716818141745	0.000244344799909868	-1.0
332	-124.91691900973564	0.00024917168181559646	-1.0
333	-124.91666984054554	0.00024916919009854155	-1.0
334	-124.91642526300427	0.0002445775412667217	-1.0
335	-124.91617609875163	0.00024916425263654673	-1.0
336	-124.91593153318881	0.00024456556282359543	-1.0
337	-124.91568237387348	0.0002491593153308713	-1.0
338	-124.91543321704974	0.0002491568237417141	-1.0
339	-124.915188912124	0.0002443049257436769	-1.0
340	-124.91493976023487	0.00024915188912189024	-1.0
341	-124.91469521982303	0.0002445404118418537	-1.0
342	-124.91444607287083	0.0002491469521999079	-1.0
343	-124.914201544167	0.00024452870383129266	-1.0
344	-124.91395240215155	0.0002491420154484558	-1.0
345	-124.91370788514605	0.00024451700549832367	-1.0
346	-124.9134587480672	0.00024913707885332315	-1.0
347	-124.91320961347972	0.00024913458747732875	-1.0
348	-124.91296535705311	0.0002442564266118552	-1.0
349	-124.9127206157518	0.0002447413013157984	-1.0
350	-124.91247148854563	0.0002491272061604377	-1.0
351	-124.91222626581542	0.00024522273021432284	-1.0
352	-124.91197714355276	0.00024912226265882964	-1.0
353	-124.91172802378132	0.00024911977143915465	-1.0
354	-124.91147890650109	0.0002491172802336905	-1.0
355	-124.91123419442489	0.0002447120761956967	-1.0
356	-124.91098508208295	0.0002491123419474661	-1.0
357	-124.9107406280876	0.0002444539953501135	-1.0
358	-124.91049152068132	0.000249107406276039	-1.0
359	-124.91024683118168	0.0002446894996381843	-1.0
360	-124.90999772871336	0.00024910246831666427	-1.0
361	-124.90975255779824	0.0002451709151216619	-1.0
362	-124.90950346027266	0.00024909752558244236	-1.0
363	-124.90925830198393	0.00024515828873461487	-1.0
364	-124.9090092094009	0.0002490925830187507	-1.0
365	-124.90876406368119	0.00024514571971678834	-1.0
366	-124.90851497604055	0.00024908764063980016	-1.0
367	-124.9082695962466	0.00024537979395233833	-1.0
368	-124.90802051355064	0.00024908269595869115	-1.0
369	-124.90777510483404	0.00024540871659439745	-1.0
370	-124.907526027083	0.00024907775105020846	-1.0
371	-124.9072806317206	0.0002453953623984262	-1.0
372	-124.90703500057269	0.000245631147905101	-1.0
373	-124.90678913388321	0.0002458666894824546	-1.0
374	-124.90654322860226	0.0002459052809484774	-1.0
375	-124.90629416316997	0.00024906543228553346	-1.0
376	-124.90604802562265	0.0002461375473217231	-1.0
377	-124.9057989651424	0.00024906048025741256	-1.0
378	-124.90555284217244	0.00024612296995485394	-1.0
379	-124.90530673106277	0.0002461111096749846	-1.0
380	-124.90506038496657	0.0002463460961905639	-1.0
381	-124.90481133436272	0.00024905060385549405	-1.0
382	-124.90456500257432	0.0002463317884036087	-1.0
383	-124.9043159569243	0.0002490456500225946	-1.0
384	-124.90406988577156	0.0002460711527305648	-1.0
385	-124.9038208450727	0.00024904069886133584	-1.0
386	-124.9035747879018	0.0002460571708979842	-1.0
387	-124.90332575215392	0.0002490357478848182	-1.0
388	-124.90307970895513	0.0002460431987856282	-1.0
389	-124.90283067815804	0.00024903079709304166	-1.0
390	-124.90258460120123	0.0002460769568131127	-1.0
391	-124.90231728203935	0.00026731916187827665	-1.0
392	-124.90206825886652	0.0002490231728273784	-1.0
393	-124.90180094897188	0.00026730989463885635	-1.0
394	-124.9015519309624	0.0002490180094838479	-1.0
395	-124.90130660421494	0.0002453267474606946	-1.0
396	-124.90106128931022	0.00024531490471702	-1.0
397	-124.90081227869733	0.00024901061289028803	-1.0
398	-124.90056697807744	0.000245300619894806	-1.0
399	-124.90032144272548	0.00024553535195082077	-1.0
400	-124.90007243951106	0.00024900321442089535	-1.0
401	-124.89982687020701	0.0002455693040559481	-1.0
402	-124.8995778719383	0.00024899826870239394	-1.0
403	-124.89933207141492	0.00024580052338762926	-1.0
404	-124.89908307809421	0.0002489933207101558	-1.0
405	-124.89883729313017	0.0002457849640364884	-1.0
406	-124.89858830475724	0.00024898837293108045	-1.0
407	-124.89834253533968	0.00024576941756038195	-1.0
408	-124.89809355191433	0.0002489834253509571	-1.0
409	-124.89784779827458	0.0002457536397457716	-1.0
410	-124.8975988197966	0.0002489784779839965	-1.0
411	-124.89735327873038	0.0002455410662207669	-1.0
412	-124.89710775098241	0.0002455277479640472	-1.0
413	-124.89684260266286	0.0002651483195563742	-1.0
414	-124.89659363423684	0.00024896842602117886	-1.0
415	-124.89634858400458	0.00024505023225174227	-1.0
416	-124.89609962051874	0.0002489634858449108	-1.0
417	-124.8958547793001	0.0002448412186453197	-1.0
418	-124.89560970494186	0.0002450743582329551	-1.0
419	-124.89534197031202	0.00026773462984408525	-1.0
420	-124.89509301689232	0.0002489534196996601	-1.0
421	-124.89484822656676	0.0002447903255529127	-1.0
422	-124.89460320324332	0.0002450233234441157	-1.0
423	-124.89435425721129	0.000248946032030517	-1.0
424	-124.89410949632818	0.0002447608831062098	-1.0
425	-124.89386055523322	0.00024894109496642614	-1.0
426	-124.89361161662767	0.0002489386055515297	-1.0
427	-124.89336687362828	0.0002447429993850392	-1.0
428	-124.89311793995954	0.0002489336687432342	-1.0
429	-124.89287340661012	0.0002445333494165425	-1.0
430	-124.8926286400072	0.00024476660291838925	-1.0
431	-124.8923797137208	0.0002489262864031616	-1.0
432	-124.89213078992367	0.0002489237971303737	-1.0
433	-124.89188604186107	0.00024474806259888737	-1.0
434	-124.89164130718741	0.00024473467365737633	-1.0
435	-124.89139239077434	0.0002489164130707877	-1.0
436	-124.89114767168178	0.0002447190925636278	-1.0
437	-124.89089876020506	0.00024891147671723957	-1.0
438	-124.89065400376896	0.0002447564361034438	-1.0
439	-124.89040509722892	0.00024890654003684176	-1.0
440	-124.89016011071939	0.0002449865095286441	-1.0
441	-124.88991120911828	0.0002489016011111289	-1.0
442	-124.88964310010674	0.00026810901154306066	-1.0
443	-124.88939420367574	0.00024889643100323156	-1.0
444	-124.88914975079378	0.00024445288195806825	-1.0
445	-124.88890085929627	0.0002488914975060652	-1.0
446	-124.88865666870467	0.000244190591601523	-1.0
447	-124.88840778213799	0.00024888656668053954	-1.0
448	-124.88816360712687	0.0002441750111188412	-1.0
449	-124.8879147254908	0.0002488816360681767	-1.0
450	-124.88767056604864	0.0002441594421611626	-1.0
451	-124.88742168934299	0.00024887670565476583	-1.0
452	-124.88717754545826	0.00024414388472848714	-1.0
453	-124.8869286736828	0.0002488717754545178	-1.0
454	-124.88668454534398	0.00024412833882081486	-1.0
455	-124.88643567849853	0.0002488668454532217	-1.0
456	-124.88619131951499	0.0002443589835365856	-1.0
457	-124.8859424576018	0.0002488619131923997	-1.0
458	-124.88569811487982	0.0002443427219844807	-1.0
459	-124.88544925789867	0.00024885698114474053	-1.0
460	-124.88520040340609	0.00024885449258249537	-1.0
461	-124.88495632578714	0.00024407761894451596	-1.0
462	-124.88470747622388	0.0002488495632633203	-1.0
463	-124.88446341458915	0.0002440616347314517	-1.0
464	-124.884214569955	0.0002488446341430972	-1.0
465	-124.88397052429175	0.00024404566325131327	-1.0
466	-124.88372168458652	0.00024883970523603693	-1.0
467	-124.88347740872919	0.0002442758573266701	-1.0
468	-124.88322857395511	0.0002488347740836616	-1.0
469	-124.88298431453832	0.0002442594167888501	-1.0
470	-124.88273548469517	0.0002488298431444491	-1.0
471	-124.88249099532052	0.0002444893746513799	-1.0
472	-124.88224217041056	0.00024882490995992157	-1.0
473	-124.88199334798885	0.0002488224217103152	-1.0
474	-124.88174912434545	0.0002442236434063716	-1.0
475	-124.8815003068542	0.0002488174912400609	-1.0
476	-124.88125609961004	0.0002442072441652954	-1.0
477	-124.88099461441023	0.00026148519981461504	-1.0
478	-124.88073288348232	0.00026173092790315877	-1.0
479	-124.88048896727133	0.0002439162109908466	-1.0
480	-124.88024016238165	0.0002488048896793771	-1.0
481	-124.87999626250871	0.00024389987294171078	-1.0
482	-124.87974746254609	0.0002487999626197279	-1.0
483	-124.87950382535792	0.00024363718817710378	-1.0
484	-124.87925503031965	0.00024879503826014115	-1.0
485	-124.87901165547463	0.00024337484502723328	-1.0
486	-124.87873622909945	0.0002754263751825192	-1.0
487	-124.87848744173715	0.00024878736229538845	-1.0
488	-124.87824460414777	0.00024283758938281608	-1.0
489	-124.87800177881941	0.00024282532835684378	-1.0
490	-124.87775299880163	0.0002487800177846111	-1.0
491	-124.87750422127164	0.0002487775299897521	-1.0
492	-124.87726165939853	0.00024256187310811583	-1.0
493	-124.87701288678193	0.0002487726166009452	-1.0
494	-124.87677058542661	0.0002423013553141118	-1.0
495	-124.87652804921221	0.00024253621440095685	-1.0
496	-124.87627928393172	0.000248765280488783	-1.0
497	-124.87603676211027	0.00024252182144834933	-1.0
498	-124.87579400558042	0.00024275652985750185	-1.0
499	-124.87554524764036	0.00024875794005652097	-1.0
500	-124.8753025055615	0.0002427420788535528	-1.0
501	-124.87505952892639	0.00024297663512129475	-1.0
502	-124.8748107783311	0.00024875059528994825	-1.0
503	-124.87456757030354	0.00024320802755539717	-1.0
504	-124.87431882462784	0.00024874567570520867	-1.0
505	-124.87407587807968	0.0002429465481554871	-1.0
506	-124.8738271373209	0.0002487407587778989	-1.0
507	-124.87358420543188	0.00024293188901935991	-1.0
508	-124.87333546958983	0.00024873584204954113	-1.0
509	-124.87308673623514	0.0002487333546952186	-1.0
510	-124.87284406772814	0.0002426685069991663	-1.0
511	-124.87259533928746	0.0002487284406811341	-1.0
512	-124.87235268516744	0.00024265412001511777	-1.0
513	-124.87210396164059	0.00024872352685179067	-1.0
514	-124.87185524060098	0.000248721039611155	-1.0
515	-124.87161284982251	0.0002423907784674384	-1.0
516	-124.87137022468627	0.00024262513623796167	-1.0
517	-124.87112151098403	0.0002487137022484376	-1.0
518	-124.87087865464927	0.00024285633475074064	-1.0
519	-124.87062994586273	0.00024870878654326134	-1.0
520	-124.87038710485344	0.00024284100929605756	-1.0
521	-124.87013840098238	0.0002487038710512479	-1.0
522	-124.86988969959837	0.0002487013840095642	-1.0
523	-124.86964712260375	0.0002425769946228229	-1.0
524	-124.86939842613252	0.00024869647123182403	-1.0
525	-124.86915561816342	0.00024280796910147728	-1.0
526	-124.86890692660724	0.0002486915561803471	-1.0
527	-124.86865823753797	0.0002486890692665611	-1.0
528	-124.86841569403417	0.0002425435038020396	-1.0
529	-124.86816700987723	0.00024868415694356827	-1.0
530	-124.8679244816416	0.00024252823563131187	-1.0
531	-124.86767580239677	0.0002486792448195274	-1.0
532	-124.86743328941715	0.00024251297962507579	-1.0
533	-124.86718461508426	0.0002486743328944385	-1.0
534	-124.86694162510115	0.0002429899831071225	-1.0
535	-124.8666929556849	0.00024866941625134587	-1.0
536	-124.86644973568569	0.0002432199992057349	-1.0
537	-124.86620107118833	0.00024866449736293816	-1.0
538	-124.86595240917762	0.00024866201070494753	-1.0
539	-124.86570945405492	0.00024295512270100517	-1.0
540	-124.86546079696038	0.00024865709454502394	-1.0
541	-124.8652121423524	0.00024865460797229844	-1.0
542	-124.86496945183426	0.00024269051814940212	-1.0
543	-124.86472080213974	0.00024864969451243724	-1.0
544	-124.86447215493172	0.00024864720802497686	-1.0
545	-124.86422990884667	0.0002422460850510788	-1.0
546	-124.86398126654758	0.00024864229908416746	-1.0
547	-124.86373262673492	0.00024863981266776136	-1.0
548	-124.86348398940865	0.0002486373262655661	-1.0
549	-124.86324225604905	0.00024173335960142595	-1.0
550	-124.8629936236265	0.00024863242255435125	-1.0
551	-124.86274499369026	0.00024862993623742113	-1.0
552	-124.86250376986565	0.00024122382460234348	-1.0
553	-124.86225514482796	0.0002486250376989574	-1.0
554	-124.86201386983937	0.0002412749885820631	-1.0
555	-124.86177236099958	0.00024150883979245918	-1.0
556	-124.86152374327597	0.00024861772361362	-1.0
557	-124.86128200348716	0.00024173978880526192	-1.0
558	-124.86103339066713	0.00024861282003030283	-1.0
559	-124.86075205901973	0.00028133164740040684	-1.0
560	-124.86047075154858	0.0002813074711554009	-1.0
561	-124.86022214684105	0.0002486047075223041	-1.0
562	-124.85998116595071	0.00024098089033941505	-1.0
563	-124.85973256613906	0.00024859981165548106	-1.0
564	-124.85949160051378	0.00024096562528086451	-1.0
565	-124.85924300559778	0.0002485949160018208	-1.0
566	-124.85900205522384	0.00024095037393578878	-1.0
567	-124.85875346520329	0.00024859002054711254	-1.0
568	-124.85850487766864	0.00024858753465650807	-1.0
569	-124.85826419111987	0.00024068654876430173	-1.0
570	-124.85801560847796	0.00024858264191607304	-1.0
571	-124.85777493690205	0.00024067157590934585	-1.0
572	-124.85752635915267	0.00024857774937459	-1.0
573	-124.85727778388907	0.00024857526359767235	-1.0
574	-124.85703737584784	0.0002404080412361509	-1.0
575	-124.85678880547408	0.0002485703737562517	-1.0
576	-124.85654841212778	0.00024039334630288067	-1.0
577	-124.85629984664365	0.00024856548412799384	-1.0
578	-124.8560594679791	0.00024037866455728363	-1.0
579	-124.85581090738441	0.0002485605946844771	-1.0
580	-124.85557054338857	0.00024036399584304036	-1.0
581	-124.85532198768313	0.00024855570543991234	-1.0
582	-124.85508163834308	0.00024034934004646402	-1.0
583	-124.8548330875267	0.0002485508163800887	-1.0
584	-124.8545927525858	0.00024033494089792384	-1.0
585	-124.85434420665828	0.000248545927519217	-1.0
586	-124.85410413191829	0.0002400747399917691	-1.0
587	-124.85385559087698	0.00024854104131577515	-1.0
588	-124.85361552993339	0.0002400609435824208	-1.0
589	-124.8533669937781	0.0002485361552970744	-1.0
590	-124.85312694662002	0.00024004715807279808	-1.0
591	-124.85287841535056	0.00024853126946311477	-1.0
592	-124.85263813624006	0.0002402791104998414	-1.0
593	-124.8523896098587	0.0002485263813554184	-1.0
594	-124.85214934516384	0.00024026469486670976	-1.0
595	-124.85190082367039	0.00024852149344667396	-1.0
596	-124.85166032750696	0.0002404961634283609	-1.0
597	-124.85141181090368	0.00024851660327840364	-1.0
598	-124.85117132962681	0.0002404812768759257	-1.0
599	-124.85092281791351	0.0002485117132948744	-1.0
600	-124.85068210564995	0.00024071226356170428	-1.0
601	-124.8504335988289	0.0002485068210518193	-1.0
602	-124.85018509449291	0.0002485043359854444	-1.0
603	-124.84994482445684	0.0002402700360732979	-1.0
604	-124.8496963250086	0.00024849944824723025	-1.0
605	-124.84945607009028	0.00024025491831025647	-1.0
606	-124.84920757552958	0.00024849456070796805	-1.0
607	-124.8489673357164	0.0002402398131806649	-1.0
608	-124.84871884604304	0.00024848967335344696	-1.0
609	-124.84847035885458	0.0002484871884576023	-1.0
610	-124.848221874151	0.0002484847035901794	-1.0
611	-124.84798239200234	0.0002394821486575438	-1.0
612	-124.84773391217841	0.0002484798239237307	-1.0
613	-124.84749444338358	0.00023946879483105477	-1.0
614	-124.84724596843915	0.00024847494442781226	-1.0
615	-124.84699749597947	0.000248472459688287	-1.0
616	-124.84675804332298	0.00023945265648706027	-1.0
617	-124.84650957574254	0.0002484675804339531	-1.0
618	-124.84627013657641	0.00023943916613688998	-1.0
619	-124.84602167387504	0.00024846270136436033	-1.0
620	-124.84578249401484	0.00023917986020194348	-1.0
621	-124.84550534820644	0.00027714580839699465	-1.0
622	-124.84525689315296	0.00024845505348025654	-1.0
623	-124.84497221690238	0.0002846762505868128	-1.0
624	-124.84468731991365	0.00028489698873102043	-1.0
625	-124.84440220218505	0.0002851177285947415	-1.0
626	-124.84411661812496	0.0002855840600943793	-1.0
627	-124.84386817695878	0.0002484411661782815	-1.0
628	-124.84361973827701	0.0002484386817656059	-1.0
629	-124.84338199332473	0.00023774495228678916	-1.0
630	-124.84313355950479	0.0002484338199337799	-1.0
631	-124.8428851281692	0.0002484313355921586	-1.0
632	-124.84264788891329	0.0002372392559095715	-1.0
633	-124.8423994624344	0.0002484264788904511	-1.0
634	-124.84216223388023	0.00023722855416963284	-1.0
635	-124.84191381225789	0.00024842162234506304	-1.0
636	-124.84166539311977	0.00024841913811712857	-1.0
637	-124.84141697646584	0.00024841665393182666	-1.0
638	-124.84118042282296	0.00023655364287833436	-1.0
639	-124.84093201101874	0.0002484118042218597	-1.0
640	-124.84069546769841	0.00023654332032663206	-1.0
641	-124.84044706074373	0.000248406954682423	-1.0
642	-124.8402102819456	0.0002367787981256697	-1.0
643	-124.83996187984279	0.00024840210281240616	-1.0
644	-124.8397251116076	0.00023676823518314905	-1.0
645	-124.8394767143565	0.00024839725111291955	-1.0
646	-124.83922831958935	0.00024839476714078046	-1.0
647	-124.83899156427974	0.0002367553096149777	-1.0
648	-124.8387431743641	0.0002483899156402458	-1.0
649	-124.83849478693236	0.000248387431739161	-1.0
650	-124.83825804454334	0.00023674238902060551	-1.0
651	-124.83800966196289	0.0002483825804517892	-1.0
652	-124.83772338615016	0.0002862758127264442	-1.0
653	-124.83743713393274	0.000286252217421179	-1.0
654	-124.8371887595614	0.0002483743713384001	-1.0
655	-124.8369403876738	0.0002483718875936347	-1.0
656	-124.83670439569048	0.00023599198333101867	-1.0
657	-124.83646816593425	0.0002362297562257254	-1.0
658	-124.8362198012526	0.0002483646816529017	-1.0
659	-124.83597143905459	0.0002483621980076123	-1.0
660	-124.83573522225657	0.00023621679801522077	-1.0
661	-124.83544717209642	0.0002880501601509877	-1.0
662	-124.8351988176247	0.000248354471722223	-1.0
663	-124.83496289946487	0.00023591815983081688	-1.0
664	-124.83471454983588	0.00024834962898978574	-1.0
665	-124.83447839598315	0.0002361538527253515	-1.0
666	-124.8342300511992	0.00024834478395519	-1.0
667	-124.83399366215073	0.00023638904846734476	-1.0
668	-124.83374532221411	0.0002483399366184358	-1.0
669	-124.8335086982228	0.00023662399131296752	-1.0
670	-124.83326036313582	0.0002483350869795231	-1.0
671	-124.83301203053219	0.00024833260363266163	-1.0
672	-124.83276370041189	0.000248330120300011	-1.0
673	-124.83252733839309	0.00023636201879639884	-1.0
674	-124.83224147816986	0.0002858602232294061	-1.0
675	-124.83199315575509	0.0002483224147766805	-1.0
676	-124.83174483582353	0.0002483199315577167	-1.0
677	-124.83150901900184	0.0002358168216858303	-1.0
678	-124.83126070391165	0.00024831509018952147	-1.0
679	-124.83102489745812	0.0002358064535314952	-1.0
680	-124.83077658720914	0.00024831024897764564	-1.0
681	-124.83052827944327	0.0002483077658723687	-1.0
682	-124.83029224000809	0.00023603943517969128	-1.0
683	-124.8300559633669	0.00023627664118919256	-1.0
684	-124.82980766280727	0.00024830055963320774	-1.0
685	-124.82957090588346	0.00023675692381175395	-1.0
686	-124.8293226101744	0.00024829570905637866	-1.0
687	-124.8290743169483	0.0002482932261074211	-1.0
688	-124.82883757471633	0.0002367422319622392	-1.0
689	-124.82858928634059	0.00024828837574375484	-1.0
690	-124.82834100044772	0.00024828589286585157	-1.0
691	-124.82810427289976	0.00023672754795711626	-1.0
692	-124.82785599185704	0.000248281042729559	-1.0
693	-124.82760771329711	0.00024827855992271	-1.0
694	-124.82737075476024	0.00023695853687399904	-1.0
695	-124.8271224810527	0.00024827370754110234	-1.0
696	-124.82688528954901	0.0002371915036860628	-1.0
697	-124.82663702069611	0.0002482688528999688	-1.0
698	-124.8263887543259	0.00024826637020680664	-1.0
699	-124.82615157861551	0.00023717571039583163	-1.0
700	-124.82590331709972	0.0002482615157930468	-1.0
701	-124.82566590915822	0.00023740794149773592	-1.0
702	-124.82541765249913	0.0002482566590913393	-1.0
703	-124.8251693983226	0.00024825417652607484	-1.0
704	-124.82493200703635	0.000237391286248112	-1.0
705	-124.82468375771629	0.0002482493200659519	-1.0
706	-124.82443551087871	0.0002482468375717417	-1.0
707	-124.82419830180618	0.00023720907253732548	-1.0
708	-124.82395005982316	0.0002482419830158733	-1.0
709	-124.82371286528561	0.00023719453754722508	-1.0
710	-124.82346462815696	0.00024823712865895686	-1.0
711	-124.82322720252489	0.00023742563206496925	-1.0
712	-124.82297897025286	0.00024823227202830367	-1.0
713	-124.82274155962868	0.0002374106241802565	-1.0
714	-124.82249333221309	0.00024822741559660244	-1.0
715	-124.82224510727977	0.00024822493331555506	-1.0
716	-124.82200771378305	0.00023739349671814125	-1.0
717	-124.82175949370591	0.0002482200771396492	-1.0
718	-124.8215221147089	0.0002373789970135931	-1.0
719	-124.82127389948775	0.0002482152211484845	-1.0
720	-124.82102568674875	0.0002482127389953348	-1.0
721	-124.82078807902275	0.00023760772600667224	-1.0
722	-124.82053987114196	0.00024820788078727674	-1.0
723	-124.82029166574326	0.0002482053987051813	-1.0
724	-124.82005456702892	0.00023709871433652552	-1.0
725	-124.81980636648325	0.00024820054566987437	-1.0
726	-124.81955816841959	0.00024819806365883323	-1.0
727	-124.81932133187945	0.00023683654013950672	-1.0
728	-124.81907313866613	0.0002481932133235887	-1.0
729	-124.81883631559981	0.00023682306631656047	-1.0
730	-124.81858812723665	0.0002481883631588744	-1.0
731	-124.81835131739348	0.0002368098431730914	-1.0
732	-124.8181031338803	0.0002481835131789012	-1.0
733	-124.81783067830818	0.00027245557211585947	-1.0
734	-124.81758250000141	0.0002481783067764809	-1.0
735	-124.8173343241764	0.0002481758250070243	-1.0
736	-124.81708615083316	0.0002481733432375677	-1.0
737	-124.81684980596874	0.00023634486441892477	-1.0
738	-124.81660163747068	0.0002481684980608634	-1.0
739	-124.8163534714543	0.0002481660163766719	-1.0
740	-124.81610530791959	0.00024816353472090213	-1.0
741	-124.8158692272657	0.00023608065389169042	-1.0
742	-124.81562106857342	0.00024815869227268195	-1.0
743	-124.81537291236273	0.00024815621068796645	-1.0
744	-124.81513709304727	0.00023581931546345913	-1.0
745	-124.81488894167634	0.0002481513709255978	-1.0
746	-124.81465288925173	0.0002360524246114437	-1.0
747	-124.81440474272284	0.0002481465288894924	-1.0
748	-124.81415659867541	0.0002481440474326746	-1.0
749	-124.81392080707806	0.00023579159734765653	-1.0
750	-124.81367266787	0.0002481392080682099	-1.0
751	-124.81343664267811	0.00023602519188159476	-1.0
752	-124.81318850831168	0.0002481343664300084	-1.0
753	-124.81295225002249	0.00023625828919193737	-1.0
754	-124.81270412049999	0.00024812952250385933	-1.0
755	-124.81245599345878	0.00024812704120336093	-1.0
756	-124.81220786889885	0.00024812455993128424	-1.0
757	-124.81197162849811	0.00023624040073855213	-1.0
758	-124.81172350878182	0.00024811971628935225	-1.0
759	-124.81148728168361	0.0002362270982132486	-1.0
760	-124.8112391668108	0.0002481148728179505	-1.0
761	-124.81099105441912	0.0002481123916737715	-1.0
762	-124.81074294450858	0.0002481099105438034	-1.0
763	-124.81050722707413	0.00023571743444961157	-1.0
764	-124.81025912200185	0.0002481050722735745	-1.0
765	-124.81002366276347	0.00023545923838241833	-1.0
766	-124.80977556252684	0.0002481002366323537	-1.0
767	-124.80952746477121	0.00024809775563028325	-1.0
768	-124.80929202032465	0.00023544444655954067	-1.0
769	-124.80904392740445	0.0002480929202022253	-1.0
770	-124.80880824965475	0.00023567774969990296	-1.0
771	-124.80856016157225	0.0002480880825004306	-1.0
772	-124.80831207597063	0.00024808560161204696	-1.0
773	-124.80806399284987	0.0002480831207662959	-1.0
774	-124.80782857846282	0.00023541438704910433	-1.0
775	-124.80758050017704	0.00024807828577877444	-1.0
776	-124.80734509845716	0.00023540171987690428	-1.0
777	-124.80709702500617	0.00024807345099020495	-1.0
778	-124.80686139023162	0.00023563477455468274	-1.0
779	-124.80661332161772	0.000248068613899477	-1.0
780	-124.80636525548451	0.00024806613321004534	-1.0
781	-124.80612963621766	0.00023561926684578793	-1.0
782	-124.8058815749213	0.0002480612963609019	-1.0
783	-124.80563351610556	0.00024805881574252453	-1.0
784	-124.80538545977039	0.0002480563351667797	-1.0
785	-124.80515010396694	0.00023535580345424023	-1.0
786	-124.80490205246589	0.0002480515010461204	-1.0
787	-124.80465400344536	0.000248049020527219	-1.0
788	-124.80441890848655	0.00023509495881057774	-1.0
789	-124.80417086429748	0.00024804418907820036	-1.0
790	-124.8039352905	0.00023557379748240237	-1.0
791	-124.80368725114708	0.00024803935291117796	-1.0
792	-124.80343921427458	0.0002480368725059634	-1.0
793	-124.80319117988243	0.0002480343921433814	-1.0
794	-124.80295586975582	0.00023531012661237583	-1.0
795	-124.80270784019713	0.00024802955869063226	-1.0
796	-124.80245981311873	0.00024802707839910454	-1.0
797	-124.8022117885206	0.00024802459813599853	-1.0
798	-124.80197674203974	0.00023504648085292956	-1.0
799	-124.80172872227232	0.00024801976742594434	-1.0
800	-124.8014807049851	0.00024801728721968175	-1.0
801	-124.80124591929018	0.0002347856949143079	-1.0
802	-124.80099790683099	0.0002480124591954791	-1.0
803	-124.80076288774383	0.00023501908715672926	-1.0
804	-124.80051488011495	0.00024800762888332883	-1.0
805	-124.80026687496614	0.00024800514880496394	-1.0
806	-124.80003211615731	0.00023475880882983802	-1.0
807	-124.79978411583615	0.00024800032116445436	-1.0
808	-124.79954912315318	0.00023499268296234277	-1.0
809	-124.79930112766195	0.0002479954912359972	-1.0
810	-124.79906590160344	0.00023522605850700984	-1.0
811	-124.79881791094442	0.0002479906590195924	-1.0
812	-124.79856992276531	0.00024798817911175774	-1.0
813	-124.79832193706608	0.0002479856992323448	-1.0
814	-124.79808672846998	0.00023520859609504896	-1.0
815	-124.7978387476027	0.00024798086728594626	-1.0
816	-124.79760355191476	0.00023519568793517465	-1.0
817	-124.79735557587924	0.0002479760355242888	-1.0
818	-124.79710760232348	0.0002479735557585627	-1.0
819	-124.79685963124746	0.00024797107602125834	-1.0
820	-124.79662494456224	0.0002346866852178664	-1.0
821	-124.7963769783128	0.00024796624944656287	-1.0
822	-124.79614254931384	0.0002344289989508752	-1.0
823	-124.79589458788836	0.00024796142548666467	-1.0
824	-124.79564662894248	0.000247958945877258	-1.0
825	-124.79541221434533	0.0002344145971449052	-1.0
826	-124.79516426022319	0.00024795412214473345	-1.0
827	-124.79492961207326	0.00023464814992735228	-1.0
828	-124.79468166277714	0.0002479492961242613	-1.0
829	-124.79443371596051	0.00024794681662854146	-1.0
830	-124.79418577162335	0.0002479443371612433	-1.0
831	-124.79395138631016	0.00023438531319186495	-1.0
832	-124.79370344679629	0.0002479395138692553	-1.0
833	-124.79346907377513	0.00023437302115780767	-1.0
834	-124.7932211390844	0.00024793469073358665	-1.0
835	-124.79298653276344	0.0002346063209586191	-1.0
836	-124.79273860289811	0.00024792986532418126	-1.0
837	-124.79249067551208	0.0002479273860274134	-1.0
838	-124.79225608431626	0.0002345911958201441	-1.0
839	-124.79200816175542	0.00024792256084538167	-1.0
840	-124.7917602416738	0.00024792008161966805	-1.0
841	-124.79151232407138	0.00024791760242237615	-1.0
842	-124.79127799582868	0.00023432824269775665	-1.0
843	-124.79103008304872	0.0002479127799546177	-1.0
844	-124.7907821727479	0.00024791030082838006	-1.0
845	-124.79054810485154	0.00023406789635771474	-1.0
846	-124.79030019937049	0.00024790548104647314	-1.0
847	-124.79006565253441	0.00023454683608292726	-1.0
848	-124.78981775187788	0.0002479006565323516	-1.0
849	-124.78956985370036	0.0002478981775198008	-1.0
850	-124.78933532213368	0.00023453156667585517	-1.0
851	-124.78908742878046	0.0002478933532188421	-1.0
852	-124.78883953790617	0.00024789087429155643	-1.0
853	-124.78859583533705	0.00024370256912220611	-1.0
854	-124.78834794937869	0.0002478859583590065	-1.0
855	-124.7881000658992	0.00024788347948856426	-1.0
856	-124.78785218489854	0.0002478810006607546	-1.0
857	-124.78760920432104	0.00024298057749660984	-1.0
858	-124.78736620113611	0.0002430031849343095	-1.0
859	-124.7871183274741	0.0002478736620048494	-1.0
860	-124.7868753041505	0.00024302332360548462	-1.0
861	-124.78662743539746	0.0002478687530356183	-1.0
862	-124.78637956912311	0.00024786627434991715	-1.0
863	-124.7861475130337	0.00023205608941623268	-1.0
864	-124.78589965155857	0.000247861475131117	-1.0
865	-124.78565179256205	0.00024785899651647014	-1.0
866	-124.78540393604412	0.000247856517930245	-1.0
867	-124.7851723861013	0.0002315499428249268	-1.0
868	-124.78492453437744	0.00024785172385577425	-1.0
869	-124.78469299412035	0.000231540257090046	-1.0
870	-124.78444514719041	0.0002478469299376229	-1.0
871	-124.78421361686149	0.00023153032891798375	-1.0
872	-124.78396577472533	0.00024784213616158013	-1.0
873	-124.78373400879849	0.0002317659268413763	-1.0
874	-124.7834861714584	0.0002478373400833789	-1.0
875	-124.78325417018964	0.00023200126877043203	-1.0
876	-124.78300633764793	0.00024783254170301916	-1.0
877	-124.78277410153619	0.00023223611174216785	-1.0
878	-124.78252627379517	0.000247827741020501	-1.0
879	-124.78227844853244	0.0002478252627327038	-1.0
880	-124.7820399990486	0.00023844948383100473	-1.0
881	-124.78180152125553	0.00023847779307573092	-1.0
882	-124.78155370324032	0.0002478180152110099	-1.0
883	-124.78132215579136	0.00023154744896203283	-1.0
884	-124.7810743425698	0.0002478132215628648	-1.0
885	-124.78082653182636	0.000247810743431387	-1.0
886	-124.78059475234448	0.00023177948187935726	-1.0
887	-124.78034694639696	0.000247805947523716	-1.0
888	-124.78011493306394	0.00023201333301869909	-1.0
889	-124.77986713191461	0.0002478011493280974	-1.0
890	-124.7796346397511	0.00023249216351928226	-1.0
891	-124.7793868434047	0.00024779634640026416	-1.0
892	-124.77913904953625	0.0002477938684393166	-1.0
893	-124.77889125814576	0.0002477913904925799	-1.0
894	-124.77865878373827	0.0002324744074968521	-1.0
895	-124.77841099715043	0.00024778658783475294	-1.0
896	-124.77816321304046	0.0002477841099732814	-1.0
897	-124.7779312447356	0.00023196830485971986	-1.0
898	-124.77768346542315	0.00024777931244557294	-1.0
899	-124.7774356885885	0.00024777683465515565	-1.0
900	-124.77718791423162	0.0002477743568789492	-1.0
901	-124.77695645358479	0.0002314606468303282	-1.0
902	-124.77670868402025	0.00024776956453820276	-1.0
903	-124.77647748018622	0.00023120383403352207	-1.0
904	-124.77624579399706	0.00023168618915292427	-1.0
905	-124.77599803153912	0.00024776245794555507	-1.0
906	-124.77576655315804	0.0002314783810817289	-1.0
907	-124.7755187954925	0.00024775766553375433	-1.0
908	-124.77528683829958	0.00023195719292345984	-1.0
909	-124.77503908543119	0.000247752868389739	-1.0
910	-124.77479133504033	0.0002477503908551171	-1.0
911	-124.77454358712698	0.0002477479133489169	-1.0
912	-124.77431189280613	0.0002316943208597877	-1.0
913	-124.7740799630468	0.0002319297593231795	-1.0
914	-124.77383222224717	0.000247740799636631	-1.0
915	-124.77358448392495	0.0002477383222156959	-1.0
916	-124.77335232410364	0.00023215982130864177	-1.0
917	-124.7731045905804	0.0002477335232384803	-1.0
918	-124.7728568595345	0.00024773104590281037	-1.0
919	-124.77262471555588	0.00023214397862147962	-1.0
920	-124.77237698930873	0.0002477262471529684	-1.0
921	-124.77214563417212	0.0002313551366057709	-1.0
922	-124.77189791271577	0.0002477214563469943	-1.0
923	-124.77165019373665	0.0002477189791250112	-1.0
924	-124.77140247723472	0.0002477165019314498	-1.0
925	-124.77117127393677	0.0002312032979432388	-1.0
926	-124.77092356222403	0.00024771171274551307	-1.0
927	-124.7706758529884	0.00024770923562300595	-1.0
928	-124.77044491039653	0.00023094259186962063	-1.0
929	-124.77019720594743	0.0002477044491087099	-1.0
930	-124.76994950397537	0.0002477019720572571	-1.0
931	-124.76971882133839	0.0002306826369817827	-1.0
932	-124.76947485488492	0.0002439664534676922	-1.0
933	-124.76922716013637	0.00024769474855190765	-1.0
934	-124.76899648782907	0.00023067230729623134	-1.0
935	-124.76874879786419	0.00024768996487978256	-1.0
936	-124.76851832110154	0.00023047676265264272	-1.0
937	-124.76827063591833	0.000247685183211388	-1.0
938	-124.76803968072572	0.0002309551926060749	-1.0
939	-124.76779200032891	0.0002476803968107788	-1.0
940	-124.76754432240891	0.0002476779200009105	-1.0
941	-124.76729664696569	0.0002476754432194639	-1.0
942	-124.76706570969512	0.00023093727057243996	-1.0
943	-124.76681803903801	0.0002476706571030718	-1.0
944	-124.76657037085762	0.00024766818039267946	-1.0
945	-124.76632270515391	0.00024766570371070884	-1.0
946	-124.76607504192685	0.00024766322705715993	-1.0
947	-124.7658448607044	0.0002301812224487776	-1.0
948	-124.7655972022558	0.0002476584486004185	-1.0
949	-124.76536727795276	0.0002299243030421394	-1.0
950	-124.76511962427999	0.00024765367277268524	-1.0
951	-124.7648889758722	0.00023064840779341012	-1.0
952	-124.76464132698244	0.00024764888975425947	-1.0
953	-124.76441020122077	0.00023112576167250154	-1.0
954	-124.76416255711875	0.00024764410201782994	-1.0
955	-124.76391491549317	0.00024764162557744385	-1.0
956	-124.7636838061011	0.00023110939207526826	-1.0
957	-124.76343616926304	0.00024763683805417713	-1.0
958	-124.76318853490135	0.00024763436169905617	-1.0
959	-124.762940903016	0.0002476318853439352	-1.0
960	-124.76271005761542	0.00023084540057993763	-1.0
961	-124.76246243051484	0.0002476271005775743	-1.0
962	-124.76221480589054	0.0002476246243077185	-1.0
963	-124.76198422166021	0.00023058423032296105	-1.0
964	-124.761736601818	0.00024761984221299826	-1.0
965	-124.76148898445199	0.0002476173660141967	-1.0
966	-124.7612584155711	0.0002305688808803552	-1.0
967	-124.76101080298695	0.000247612584161061	-1.0
968	-124.76076319287891	0.00024761010803331374	-1.0
969	-124.76052717774363	0.00023601513528603846	-1.0
970	-124.76027957247184	0.0002476052717810262	-1.0
971	-124.7600495025526	0.00023006991924034992	-1.0
972	-124.75980190205757	0.00024760049502958736	-1.0
973	-124.75955430403856	0.0002475980190155269	-1.0
974	-124.75932418866768	0.00023011537088279965	-1.0
975	-124.7590765954258	0.000247593241880395	-1.0
976	-124.75884643238216	0.0002301630436392088	-1.0
977	-124.75859884391784	0.00024758846431893744	-1.0
978	-124.7583512579294	0.0002475859884327747	-1.0
979	-124.75812105007927	0.00023020785013727618	-1.0
980	-124.75787346886877	0.0002475812105018349	-1.0
981	-124.75762589013408	0.0002475787346867264	-1.0
982	-124.75737831387518	0.00024757625890003965	-1.0
983	-124.75714837055835	0.00022994331682468783	-1.0
984	-124.75690079907464	0.0002475714837117948	-1.0
985	-124.75665323006665	0.0002475690079961623	-1.0
986	-124.75640566353435	0.0002475665322947407	-1.0
987	-124.75617622950413	0.00022943403021713493	-1.0
988	-124.75592866774184	0.00024756176229345783	-1.0
989	-124.75569924686666	0.0002294208751862925	-1.0
990	-124.75545168987419	0.00024755699246270524	-1.0
991	-124.75520413535729	0.00024755451690339214	-1.0
992	-124.75497472968033	0.0002294056769613917	-1.0
993	-124.75472717993303	0.0002475497473000132	-1.0
994	-124.75447963266123	0.00024754727179754354	-1.0
995	-124.75425048718543	0.00022914547579944156	-1.0
996	-124.75400294468056	0.0002475425048658053	-1.0
997	-124.75376809483036	0.00023484985020161275	-1.0
998	-124.75352055714941	0.0002475376809485397	-1.0
999	-124.75329166120999	0.00022889593942920783	-1.0
1000	-124.75304412829337	0.00024753291661738785	-1.0
1001	-124.75281548950883	0.00022863878453449615	-1.0
1002	-124.75258685984967	0.00022862965916203848	-1.0
1003	-124.75233933398107	0.0002475258686018833	-1.0
1004	-124.75211071572845	0.00022861825262054936	-1.0
1005	-124.7518631946213	0.000247521107155535	-1.0
1006	-124.75163483300473	0.00022836161656414333	-1.0
1007	-124.7513873166564	0.00024751634832398395	-1.0
1008	-124.7511589661855	0.00022835047090552507	-1.0
1009	-124.75092386505567	0.00023510112983160525	-1.0
1010	-124.75069575854265	0.00022810651302052065	-1.0
1011	-124.75044825158506	0.0002475069575922362	-1.0
1012	-124.75022009108105	0.00022816050400820131	-1.0
1013	-124.74997258888014	0.0002475022009065242	-1.0
1014	-124.74974461969427	0.00022796918587175696	-1.0
1015	-124.74949712224807	0.000247497446196121	-1.0
1016	-124.74926891966243	0.00022820258564593132	-1.0
1017	-124.74902142697323	0.00024749268919777023	-1.0
1018	-124.74879323668861	0.000228190284616403	-1.0
1019	-124.74854574875624	0.0002474879323699497	-1.0
1020	-124.74831757076441	0.00022817799182917042	-1.0
1021	-124.74806451391042	0.0002530568539924616	-1.0
