Iteration	Q Value	Difference	G Value
1	-124.99840637158505	0.0015936284149518087	-1.0
2	-124.99657162547172	0.0018347461133316756	-1.0
3	-124.9947387141045	0.0018329113672166386	-1.0
4	-124.99315034697545	0.0015883671290453094	-1.0
5	-124.99132085688673	0.0018294900887241283	-1.0
6	-124.98973543326697	0.0015854236197583305	-1.0
7	-124.98790938594522	0.0018260473217566187	-1.0
8	-124.9863273737964	0.0015820121488161476	-1.0
9	-124.98450473453411	0.0018226392622864296	-1.0
10	-124.9829261270367	0.0015786074974073472	-1.0
11	-124.98110688902118	0.0018192380155284127	-1.0
12	-124.97953097169837	0.0015759173228104828	-1.0
13	-124.97771538711433	0.0018155845840368556	-1.0
14	-124.97613630326124	0.0015790838530875817	-1.0
15	-124.97432685155351	0.0018094517077287264	-1.0
16	-124.97251920929749	0.0018076422560255878	-1.0
17	-124.97094532162221	0.0015738876752777742	-1.0
18	-124.96914106089612	0.0018042607260895238	-1.0
19	-124.96757055136925	0.001570509526871433	-1.0
20	-124.96576966541342	0.0018008859558307222	-1.0
21	-124.96420252728203	0.0015671381313921984	-1.0
22	-124.96263695628876	0.0015655709932644868	-1.0
23	-124.96084290305211	0.0017940532366509387	-1.0
24	-124.95927491086064	0.0015679921914681927	-1.0
25	-124.95748421966942	0.0017906911912177748	-1.0
26	-124.95591958616134	0.0015646335080816698	-1.0
27	-124.95413225029482	0.0017873358665241312	-1.0
28	-124.9525709687561	0.001561281538712933	-1.0
29	-124.950786981507	0.0017839872491123288	-1.0
30	-124.94922904523708	0.001557936269918514	-1.0
31	-124.94744839991148	0.0017806453255957422	-1.0
32	-124.94566953284125	0.0017788670702287845	-1.0
33	-124.94411671402	0.0015528188212527994	-1.0
34	-124.94234117863566	0.0017755353843398325	-1.0
35	-124.94079168816862	0.0015494904670418919	-1.0
36	-124.93901947781013	0.0017722103584816296	-1.0
37	-124.937249039662	0.0017704381481280507	-1.0
38	-124.93570464133393	0.0015443983280789553	-1.0
39	-124.93416178740418	0.0015428539297488442	-1.0
40	-124.93239620694646	0.0017655804577145773	-1.0
41	-124.9308566614511	0.0015395454953619492	-1.0
42	-124.92930835572321	0.001548305727894217	-1.0
43	-124.9275494967228	0.0017588590004038451	-1.0
44	-124.92600267772036	0.0015468190024421347	-1.0
45	-124.92445740553691	0.0015452721834492422	-1.0
46	-124.92291367862565	0.001543726911265253	-1.0
47	-124.92116182388986	0.001751854735786651	-1.0
48	-124.91962139256024	0.001540431329615899	-1.0
49	-124.91787283011053	0.0017485624497197705	-1.0
50	-124.91612601622326	0.00174681388726583	-1.0
51	-124.9145906207013	0.0015353955219552518	-1.0
52	-124.91284752129839	0.0017430994029155045	-1.0
53	-124.91130796262581	0.0015395586725759358	-1.0
54	-124.90976927680912	0.0015386858166976936	-1.0
55	-124.90803103404436	0.0017382427647589793	-1.0
56	-124.90649562515624	0.0015354088881167627	-1.0
57	-124.904961751677	0.001533873479232284	-1.0
58	-124.90322831643738	0.0017334352396289887	-1.0
59	-124.90169771026687	0.0015306061705047114	-1.0
60	-124.90016863470254	0.001529075564334903	-1.0
61	-124.89843999257988	0.0017286421226572202	-1.0
62	-124.89691417473323	0.0015258178466552863	-1.0
63	-124.89538988270442	0.0015242920288045525	-1.0
64	-124.89366601933376	0.0017238633706568862	-1.0
65	-124.89214497546035	0.0015210438734101217	-1.0
66	-124.89062545263081	0.00151952282953971	-1.0
67	-124.88910744932411	0.0015180033066997112	-1.0
68	-124.88759053120982	0.0015169181142908883	-1.0
69	-124.88607513001364	0.0015154011961868719	-1.0
70	-124.88455791906894	0.001517210944697922	-1.0
71	-124.88284459441707	0.0017133246518739043	-1.0
72	-124.88133061400796	0.0015139804091006681	-1.0
73	-124.87962051666115	0.0017100973468160419	-1.0
74	-124.87791212941168	0.0017083872494652041	-1.0
75	-124.87640308146759	0.0015090479440971194	-1.0
76	-124.87469791165331	0.001705169814272267	-1.0
77	-124.87319207792697	0.0015058337263411659	-1.0
78	-124.87168775003435	0.0015043278926185621	-1.0
79	-124.86998729555152	0.0017004544828296275	-1.0
80	-124.8684861724413	0.001501123110230651	-1.0
81	-124.86678891953605	0.00169725290524525	-1.0
82	-124.86509336388372	0.0016955556523328141	-1.0
83	-124.86339950378704	0.0016938600966796002	-1.0
84	-124.86189786350457	0.001501640282469907	-1.0
85	-124.86038975436443	0.001508109140132774	-1.0
86	-124.85888315333345	0.0015066010309823241	-1.0
87	-124.85719588925298	0.0016872640804734829	-1.0
88	-124.8556924820871	0.001503407165884596	-1.0
89	-124.85419057832839	0.0015019037587080675	-1.0
90	-124.85250800682292	0.0016825715054693546	-1.0
91	-124.85100928753947	0.0014987192834468033	-1.0
92	-124.84951206697531	0.001497220564161239	-1.0
93	-124.84783417398118	0.0016778929941239085	-1.0
94	-124.84634012853058	0.0014940454505989464	-1.0
95	-124.8446654074749	0.001674721055678674	-1.0
96	-124.8431745307908	0.0014908766841017496	-1.0
97	-124.84150297533287	0.0016715554579320724	-1.0
98	-124.84001526108092	0.0014877142519509334	-1.0
99	-124.8383468648927	0.001668396188222232	-1.0
100	-124.83686230675119	0.0014845581415130482	-1.0
101	-124.8351970635173	0.0016652432338872813	-1.0
102	-124.83371062047112	0.0014864430461756228	-1.0
103	-124.83222566386799	0.0014849566031358563	-1.0
104	-124.83056540944246	0.0016602544255306384	-1.0
105	-124.82908359805035	0.0014818113921108989	-1.0
106	-124.82760326846963	0.0014803295807155337	-1.0
107	-124.8261244192185	0.0014788492511286222	-1.0
108	-124.82447026603762	0.0016541531808798027	-1.0
109	-124.82299454978892	0.001475716248705794	-1.0
110	-124.82152030925647	0.0014742405324454921	-1.0
111	-124.81987076018555	0.0016495490709189653	-1.0
112	-124.8183996434427	0.0014711167428487215	-1.0
113	-124.8169299978166	0.0014696456261020785	-1.0
114	-124.81528503905713	0.0016449587594706827	-1.0
115	-124.81381850803541	0.0014665310217196748	-1.0
116	-124.81217643521856	0.0016420728168498044	-1.0
117	-124.81070679557841	0.001469639640149012	-1.0
118	-124.8092386255779	0.0014681700005070297	-1.0
119	-124.80760113264351	0.001637492934392526	-1.0
120	-124.80613606830593	0.001465064337580202	-1.0
121	-124.8046724690327	0.0014635992732365821	-1.0
122	-124.80321033335873	0.0014621356739610292	-1.0
123	-124.80157886871656	0.0016314646421733414	-1.0
124	-124.80011982664291	0.0014590420736482201	-1.0
125	-124.79849145250745	0.001628374135464128	-1.0
126	-124.79703549785	0.0014559546574446358	-1.0
127	-124.79541020804334	0.0016252898066682064	-1.0
128	-124.79395733463036	0.0014528734129726217	-1.0
129	-124.79233512298691	0.0016222116434505551	-1.0
130	-124.79071453355512	0.0016205894317948832	-1.0
131	-124.78926635581662	0.001448177738495815	-1.0
132	-124.78781962625587	0.0014467295607545338	-1.0
133	-124.78636707753648	0.0014525487193850495	-1.0
134	-124.78475142075374	0.0016156567827465551	-1.0
135	-124.78330194023985	0.0014494805138838274	-1.0
136	-124.7816893485944	0.0016125916454541311	-1.0
137	-124.78024293015267	0.001446418441730657	-1.0
138	-124.7786333975173	0.0016095326353706696	-1.0
139	-124.77719003502665	0.0014433624906473597	-1.0
140	-124.7757481158985	0.0014419191281547228	-1.0
141	-124.77414307807739	0.0016050378211076577	-1.0
142	-124.77270420590618	0.00143887217120664	-1.0
143	-124.77126677260713	0.001437433299045665	-1.0
144	-124.76966621612931	0.001600556477825421	-1.0
145	-124.76823182082005	0.0014343953092605943	-1.0
146	-124.76663429929401	0.0015975215260368714	-1.0
147	-124.76520293590158	0.0014313633924274427	-1.0
148	-124.76377300387254	0.0014299320290405149	-1.0
149	-124.76217994116345	0.0015930627090909866	-1.0
150	-124.76075303212916	0.0014269090342935442	-1.0
151	-124.75916298939181	0.0015900427373480852	-1.0
152	-124.75773909730928	0.0014238920825278	-1.0
153	-124.75615206850676	0.0015870288025183754	-1.0
154	-124.75473118734513	0.0014208811616356343	-1.0
155	-124.75314716645258	0.0015840208925510524	-1.0
156	-124.751729290193	0.0014178762595804528	-1.0
157	-124.75014827119759	0.0015810189954095222	-1.0
158	-124.74873339383326	0.0014148773643256618	-1.0
159	-124.74715537073422	0.00157802309904298	-1.0
160	-124.74574348627036	0.001411884463863089	-1.0
161	-124.74433301369095	0.001410472579408406	-1.0
162	-124.74275939097204	0.001573622718908041	-1.0
163	-124.74135190248793	0.0014074884841051016	-1.0
164	-124.73978126088024	0.0015706416076994856	-1.0
165	-124.73837675052623	0.0014045103540070158	-1.0
166	-124.73697364468256	0.0014031058436643207	-1.0
167	-124.73540738133266	0.0015662633499005096	-1.0
168	-124.7340072448582	0.0014001364744586908	-1.0
169	-124.73260850852022	0.0013987363379897033	-1.0
170	-124.73121117091856	0.0013973376016593875	-1.0
171	-124.72981483473566	0.00139633618289281	-1.0
172	-124.72841989488896	0.0013949398467048013	-1.0
173	-124.7270263499821	0.001393544906861166	-1.0
174	-124.72563270853809	0.0013936414440109957	-1.0
175	-124.72424046073553	0.0013922478025563123	-1.0
176	-124.72268717497009	0.0015532857654392274	-1.0
177	-124.7212978727011	0.0013893022689899226	-1.0
178	-124.7197475295237	0.001550343177399327	-1.0
179	-124.71836116690015	0.0013863626235490756	-1.0
180	-124.71697619063923	0.001384976260922599	-1.0
181	-124.71543016914389	0.0015460214953435525	-1.0
182	-124.71404749664045	0.001382672503439153	-1.0
183	-124.71266620680952	0.0013812898309311095	-1.0
184	-124.71112437961527	0.0015418271942451156	-1.0
185	-124.70974601290136	0.001378366713908008	-1.0
186	-124.70836902455416	0.0013769883472036781	-1.0
187	-124.70683149454217	0.0015375300119870872	-1.0
188	-124.70545742071333	0.0013740738288419152	-1.0
189	-124.70408472095832	0.001372699755009421	-1.0
190	-124.70255147524992	0.0015332457084014095	-1.0
191	-124.70118168144037	0.001369793809544717	-1.0
192	-124.69981325742464	0.001368424015737446	-1.0
193	-124.69828428317977	0.0015289742448629795	-1.0
194	-124.69675671857071	0.0015275646090628925	-1.0
195	-124.69539185970463	0.001364858866082841	-1.0
196	-124.69402836569742	0.0013634940072080326	-1.0
197	-124.69266623518422	0.0013621305132005546	-1.0
198	-124.69114428862315	0.0015219465610698535	-1.0
199	-124.68978504218701	0.0013592464361380507	-1.0
200	-124.68842715499731	0.0013578871896982037	-1.0
201	-124.68690944751643	0.001517707480886088	-1.0
202	-124.68555311070737	0.0013563368090530048	-1.0
203	-124.68419813023513	0.001354980472243028	-1.0
204	-124.68268499307797	0.0015131371571612817	-1.0
205	-124.68133288072336	0.001352112354609858	-1.0
206	-124.6799821204811	0.0013507602422606624	-1.0
207	-124.6784731993337	0.0015089211474048625	-1.0
208	-124.67712529877282	0.0013479005608729722	-1.0
209	-124.67577874611251	0.0013465526603084754	-1.0
210	-124.67427402833947	0.0015047177730451722	-1.0
211	-124.6729303269496	0.0013437013898709438	-1.0
212	-124.67142845759572	0.0015018693538735306	-1.0
213	-124.67008760177659	0.0013408558191372322	-1.0
214	-124.66858857514788	0.0014990266287071563	-1.0
215	-124.6672505592112	0.0013380159366818134	-1.0
216	-124.66575436962506	0.001496189586134733	-1.0
217	-124.6644191878939	0.0013351817311644254	-1.0
218	-124.66292582967907	0.0014933582148302094	-1.0
219	-124.66143396482246	0.0014918648566037973	-1.0
220	-124.66010310349611	0.001330861326351851	-1.0
221	-124.65877357303108	0.0013295304650284834	-1.0
222	-124.65744537209652	0.0013282009345658707	-1.0
223	-124.65595898769749	0.0014863843990298164	-1.0
224	-124.65463274398347	0.0013262437140184602	-1.0
225	-124.65330782651317	0.0013249174702991695	-1.0
226	-124.6519756302056	0.0013321963075725307	-1.0
227	-124.65064415036774	0.0013314798378587511	-1.0
228	-124.64931400200972	0.001330148358022143	-1.0
229	-124.64798518380006	0.0013288182096573564	-1.0
230	-124.6465068924435	0.0014782913565625222	-1.0
231	-124.64518088134339	0.0013260111001045516	-1.0
232	-124.64385619625439	0.0013246850890027417	-1.0
233	-124.64253283585047	0.0013233604039157854	-1.0
234	-124.64121079880697	0.0013220370435078621	-1.0
235	-124.63973937465467	0.0014714241522995053	-1.0
236	-124.63842013107235	0.0013192435823157211	-1.0
237	-124.63710220673363	0.0013179243387213546	-1.0
238	-124.63578560031924	0.0013166064143916856	-1.0
239	-124.63431960136543	0.0014659989538046148	-1.0
240	-124.63300577755642	0.00131382380901357	-1.0
241	-124.63154255842538	0.0014632191310397502	-1.0
242	-124.63023066331111	0.0013118951142701007	-1.0
243	-124.62891946543112	0.0013111978799855706	-1.0
244	-124.62760896456892	0.001310500862203412	-1.0
245	-124.62629059830441	0.0013183662645133154	-1.0
246	-124.62497294556516	0.0013176527392460002	-1.0
247	-124.62365661047865	0.0013163350865141865	-1.0
248	-124.62234159172722	0.0013150187514270328	-1.0
249	-124.62088781120448	0.001453780522737702	-1.0
250	-124.61957556125233	0.0013122499521500686	-1.0
251	-124.61826462355013	0.0013109377022004765	-1.0
252	-124.61681491999556	0.001449703554570192	-1.0
253	-124.61550674293461	0.0013081770609488785	-1.0
254	-124.61405979726067	0.0014469456739476527	-1.0
255	-124.61275437532245	0.001305421938212703	-1.0
256	-124.61145025880619	0.0013041165162661628	-1.0
257	-124.61000736961637	0.0014428891898177199	-1.0
258	-124.6087060001058	0.0013013695105712486	-1.0
259	-124.60740593196475	0.0013000681410488824	-1.0
260	-124.6061055837872	0.0013003481775513137	-1.0
261	-124.6048056996288	0.0012998841583993226	-1.0
262	-124.60350711535455	0.0012985842742523346	-1.0
263	-124.6020715290366	0.0014355863179389416	-1.0
264	-124.60077567893295	0.0012958501036592907	-1.0
265	-124.5994811246794	0.0012945542535476307	-1.0
266	-124.59804956435214	0.0014315603272621047	-1.0
267	-124.59675773621316	0.001291828138974438	-1.0
268	-124.59532889927436	0.0014288369387998046	-1.0
269	-124.59403979180047	0.0012891074738945463	-1.0
270	-124.59261367280608	0.0014261189943880481	-1.0
271	-124.59132728055866	0.001286392247422441	-1.0
272	-124.59004217470348	0.0012851058551746064	-1.0
273	-124.58875835395416	0.0012838207493217624	-1.0
274	-124.58733751639762	0.0014208375565374354	-1.0
275	-124.58605640030662	0.0012811160910075614	-1.0
276	-124.5847765653317	0.001279834974923233	-1.0
277	-124.58335970956378	0.0014168557679141713	-1.0
278	-124.5820825712796	0.0012771382841805234	-1.0
279	-124.58080527214304	0.0012772991365608277	-1.0
280	-124.57939206207249	0.0014132100705523953	-1.0
281	-124.57811745344513	0.0012746086273551782	-1.0
282	-124.5768441194264	0.0012733340187338626	-1.0
283	-124.57543487050856	0.001409248917838113	-1.0
284	-124.57416421907277	0.00127065143578875	-1.0
285	-124.5727576500553	0.0014065690174760448	-1.0
286	-124.57148967583996	0.0012679742153380857	-1.0
287	-124.5700857813657	0.001403894474250933	-1.0
288	-124.56882047901905	0.0012653023466526747	-1.0
289	-124.56755644197474	0.0012640370443079973	-1.0
290	-124.56615648073436	0.001399961240380776	-1.0
291	-124.56489510768834	0.0012613730460202532	-1.0
292	-124.56363499601537	0.0012601116729769046	-1.0
293	-124.56223895622095	0.0013960397944146052	-1.0
294	-124.56098150069944	0.0012574555215110195	-1.0
295	-124.55972530263345	0.001256198065988201	-1.0
296	-124.55833317253241	0.0013921301010384468	-1.0
297	-124.5570796227946	0.0012535497378109994	-1.0
298	-124.55568997421604	0.0013896485785664936	-1.0
299	-124.55443321088737	0.001256763328669308	-1.0
300	-124.55304612364561	0.001387087241752738	-1.0
301	-124.5516604234911	0.0013857001545147796	-1.0
302	-124.55040768971315	0.0012527337779459913	-1.0
303	-124.54915620866899	0.001251481044164393	-1.0
304	-124.54777439842945	0.0013818102395362075	-1.0
305	-124.54652555067656	0.0012488477528904696	-1.0
306	-124.54527795177142	0.0012475989051381475	-1.0
307	-124.5440316004652	0.001246351306221527	-1.0
308	-124.54265491483388	0.0013766856313282005	-1.0
309	-124.54141118656459	0.0012437282692872031	-1.0
310	-124.54016870202356	0.001242484541023714	-1.0
311	-124.53879587929067	0.0013728227328897447	-1.0
312	-124.53755601005693	0.001239869233742752	-1.0
313	-124.53631358361555	0.0012424264413795072	-1.0
314	-124.53507157414813	0.0012420094674183701	-1.0
315	-124.53382998212713	0.0012415920210031572	-1.0
316	-124.5324627947818	0.0013671873453375838	-1.0
317	-124.53122381154016	0.001238983241634628	-1.0
318	-124.52998606728175	0.00123774425840395	-1.0
319	-124.52874956076761	0.0012365065141466403	-1.0
320	-124.52738745384363	0.0013621069239775352	-1.0
321	-124.52615354594293	0.0012339079006977727	-1.0
322	-124.52479403503378	0.0013595109091539825	-1.0
323	-124.52355966080324	0.0012343742305347405	-1.0
324	-124.52220203789473	0.0013576229085145997	-1.0
325	-124.52097025566134	0.001231782233389822	-1.0
326	-124.51973970521018	0.0012305504511544996	-1.0
327	-124.51851038530948	0.001229319900701853	-1.0
328	-124.51715781167646	0.001352573633027987	-1.0
329	-124.51593107366928	0.001226738007176209	-1.0
330	-124.51458107934789	0.0013499943213872712	-1.0
331	-124.51323243502083	0.001348644327066495	-1.0
332	-124.51200411909343	0.0012283159273920319	-1.0
333	-124.51077703148196	0.0012270876114683915	-1.0
334	-124.50943175063036	0.0013452808516092318	-1.0
335	-124.50820688431206	0.0012248663182958808	-1.0
336	-124.50686374209393	0.001343142218132698	-1.0
337	-124.50564144378417	0.0012222983097558426	-1.0
338	-124.50442036777272	0.0012210760114470531	-1.0
339	-124.50308101207114	0.001339355701588829	-1.0
340	-124.5018624964914	0.0012185155797368452	-1.0
341	-124.50052569866108	0.0013367978303193695	-1.0
342	-124.49930973839476	0.0012159602663217584	-1.0
343	-124.49797549332254	0.0013342450722149124	-1.0
344	-124.49676208326156	0.001213410060984188	-1.0
345	-124.49543038584447	0.001331697417086275	-1.0
346	-124.49421952089097	0.0012108649535065297	-1.0
347	-124.49300986680241	0.0012096540885551121	-1.0
348	-124.49168192160178	0.0013279452006287329	-1.0
349	-124.4903553350596	0.0013265865421772105	-1.0
350	-124.48914686648621	0.0012084685733952938	-1.0
351	-124.48782264153789	0.001324224948319852	-1.0
352	-124.48661670565802	0.0012059358798666153	-1.0
353	-124.48541197571403	0.0012047299439927883	-1.0
354	-124.48420845049998	0.0012035252140520925	-1.0
355	-124.48288916396764	0.0013192865323361502	-1.0
356	-124.48168816156534	0.0012010024022970356	-1.0
357	-124.48037139532194	0.0013167662434057092	-1.0
358	-124.47917291068828	0.0011984846336616783	-1.0
359	-124.47785865969576	0.0013142509925216928	-1.0
360	-124.47666268779773	0.0011959718980278922	-1.0
361	-124.47535094702809	0.0013117407696370265	-1.0
362	-124.47415748284273	0.0011934641853628136	-1.0
363	-124.47284824727805	0.0013092355646762144	-1.0
364	-124.47165728579243	0.0011909614856193684	-1.0
365	-124.4703505504248	0.0013067353676348148	-1.0
366	-124.46916208663603	0.0011884637887646932	-1.0
367	-124.46785784646755	0.0013042401684799643	-1.0
368	-124.46666184410732	0.0011960023602313186	-1.0
369	-124.46535972279544	0.0013021213118804553	-1.0
370	-124.46416621855889	0.001193504236553622	-1.0
371	-124.46286659287256	0.001299625686328909	-1.0
372	-124.46156826681191	0.0012983260606489466	-1.0
373	-124.46027123907733	0.0012970277345800696	-1.0
374	-124.45897551520312	0.0012957238742075106	-1.0
375	-124.45778839517416	0.0011871200289590433	-1.0
376	-124.45649515414385	0.00129324103031081	-1.0
377	-124.45531051447595	0.0011846396678976134	-1.0
378	-124.45401975132634	0.001290763149611962	-1.0
379	-124.45273027893988	0.0012894723864604885	-1.0
380	-124.45144209602581	0.0012881829140667378	-1.0
381	-124.45026250941604	0.0011795866097799035	-1.0
382	-124.44897679427149	0.0012857151445473392	-1.0
383	-124.44779819309359	0.001178601177898031	-1.0
384	-124.44651495414226	0.0012832389513306452	-1.0
385	-124.44533881480449	0.0011761393377724971	-1.0
386	-124.44405803523145	0.0012807795730367388	-1.0
387	-124.44288435281258	0.0011736824188659511	-1.0
388	-124.44160602770154	0.0012783251110448646	-1.0
389	-124.44043479729021	0.0011712304113302707	-1.0
390	-124.43915915503909	0.0012756422511159826	-1.0
391	-124.43799037150042	0.0011687835386737788	-1.0
392	-124.43682218727297	0.0011681842274526844	-1.0
393	-124.43565517122974	0.001167016043225999	-1.0
394	-124.43448841721047	0.0011667540192661363	-1.0
395	-124.43321894838981	0.001269468820666475	-1.0
396	-124.43195074903797	0.0012681993518413037	-1.0
397	-124.43078769944088	0.001163049597082022	-1.0
398	-124.42952193133799	0.0012657681028969137	-1.0
399	-124.4282574290032	0.001264502334791473	-1.0
400	-124.42709580416646	0.001161624836740316	-1.0
401	-124.42583346800413	0.0012623361623269602	-1.0
402	-124.42467426712838	0.0011592008757475014	-1.0
403	-124.42341435250309	0.0012599146252938453	-1.0
404	-124.42225757074284	0.00115678176024403	-1.0
405	-124.42100007281394	0.0012574979289041721	-1.0
406	-124.41984570533339	0.0011543674805523096	-1.0
407	-124.41859061926989	0.0012550860634945593	-1.0
408	-124.41743866124288	0.001151958027008959	-1.0
409	-124.41618598222348	0.0012526790194016257	-1.0
410	-124.41503642883352	0.001149553389964808	-1.0
411	-124.41378614221632	0.0012502866171928417	-1.0
412	-124.41253710588575	0.001249036330577269	-1.0
413	-124.41139120137213	0.0011459045136206214	-1.0
414	-124.41024249375279	0.0011487076193361645	-1.0
415	-124.40899756972486	0.0012449240279295282	-1.0
416	-124.40785059842572	0.0011469712991356573	-1.0
417	-124.40660823276154	0.0012423656641828984	-1.0
418	-124.40536710946301	0.0012411232985272136	-1.0
419	-124.40422376862415	0.0011433408388654698	-1.0
420	-124.4030810105423	0.0011427580818548222	-1.0
421	-124.40184338966252	0.0012376208797775234	-1.0
422	-124.40060700640362	0.0012363832588988544	-1.0
423	-124.39946786508398	0.0011391413196406575	-1.0
424	-124.39823385734967	0.0012340077343111489	-1.0
425	-124.39709708917908	0.0011367681705820587	-1.0
426	-124.39596145777666	0.00113563140241979	-1.0
427	-124.39473095644965	0.0012305013270150766	-1.0
428	-124.39359769117996	0.0011332652696864898	-1.0
429	-124.39236952705068	0.0012281641292872791	-1.0
430	-124.3911424405647	0.001227086485968698	-1.0
431	-124.39000996860263	0.001132471962080217	-1.0
432	-124.38887862911251	0.0011313394901151241	-1.0
433	-124.38765503352448	0.0012235955880299798	-1.0
434	-124.38643266153204	0.001222371992440685	-1.0
435	-124.385304899349	0.0011277621830458884	-1.0
436	-124.38408487749072	0.0012200218582734124	-1.0
437	-124.38295630928967	0.0011285682010537812	-1.0
438	-124.38173892536285	0.0012173839268143638	-1.0
439	-124.38061270311393	0.0011262222489278884	-1.0
440	-124.3793976627933	0.0012150403206305782	-1.0
441	-124.37827378180694	0.0011238809863556298	-1.0
442	-124.37715102470158	0.001122757105363803	-1.0
443	-124.3760271775597	0.0011238471418693052	-1.0
444	-124.37481702774765	0.0012101498120529186	-1.0
445	-124.37369551460273	0.0011215131449233695	-1.0
446	-124.37248769645363	0.0012078181490977613	-1.0
447	-124.37136851264	0.0011191838136284105	-1.0
448	-124.37016302149287	0.0012054911471324203	-1.0
449	-124.36904616235421	0.0011168591386621074	-1.0
450	-124.36784299355736	0.0012031687968487859	-1.0
451	-124.36672845444663	0.0011145391107305613	-1.0
452	-124.36552760335769	0.001200851088938748	-1.0
453	-124.36441537963717	0.0011122237205256624	-1.0
454	-124.36321684162303	0.0011985380141368296	-1.0
455	-124.36210692866423	0.0011099129587961443	-1.0
456	-124.36091069910107	0.0011962295631633424	-1.0
457	-124.35980309228479	0.0011076068162765296	-1.0
458	-124.35860916655801	0.0011939257267812309	-1.0
459	-124.35750386127428	0.0011053052837297628	-1.0
460	-124.35639966129584	0.001104199978442466	-1.0
461	-124.35520913900005	0.0011905222957864225	-1.0
462	-124.35410723374387	0.0011019052561778153	-1.0
463	-124.35291900387564	0.0011882298682337478	-1.0
464	-124.35181938875459	0.001099615121049169	-1.0
465	-124.35063344673134	0.001185942023255393	-1.0
466	-124.34953611716743	0.0010973295639047365	-1.0
467	-124.34835245841577	0.0011836587516569352	-1.0
468	-124.34725740984018	0.0010950485755927275	-1.0
469	-124.34607602979585	0.0011813800443292166	-1.0
470	-124.34498325764889	0.0010927721469613516	-1.0
471	-124.34380415175674	0.0011791058921488684	-1.0
472	-124.34271365148781	0.0010905002689298726	-1.0
473	-124.34162424171916	0.0010894097686531268	-1.0
474	-124.34044849484295	0.0011757468762141343	-1.0
475	-124.33936135023093	0.0010871446120148676	-1.0
476	-124.3381878662462	0.0011734839847292733	-1.0
477	-124.33710298226278	0.0010848839834238788	-1.0
478	-124.33601863177755	0.0010843504852289243	-1.0
479	-124.33484773405144	0.00117089772611223	-1.0
480	-124.3337531843977	0.0010945496537431154	-1.0
481	-124.33258455211896	0.0011686322787340941	-1.0
482	-124.33148796449078	0.0010965876281829878	-1.0
483	-124.33032035547467	0.0011676090161074626	-1.0
484	-124.32922603204314	0.0010943234315305972	-1.0
485	-124.32806068495948	0.0011653470836563429	-1.0
486	-124.32696862119846	0.0010920637610212225	-1.0
487	-124.32587049363096	0.0010981275675021607	-1.0
488	-124.32470888237596	0.001161611255000139	-1.0
489	-124.32354843273221	0.0011604496437485068	-1.0
490	-124.32245372535317	0.0010947073790390505	-1.0
491	-124.32136011268152	0.001093612671652977	-1.0
492	-124.32020301180746	0.0011571008740531852	-1.0
493	-124.31910645058575	0.0010965612217148646	-1.0
494	-124.3179510415466	0.0011554090391427962	-1.0
495	-124.3167967879165	0.0011542536301050177	-1.0
496	-124.31570363291868	0.0010931549978181465	-1.0
497	-124.31455162669721	0.0011520062214742666	-1.0
498	-124.3133996367206	0.0011519899766057051	-1.0
499	-124.31230622174398	0.001093414976622853	-1.0
500	-124.31115647717232	0.0011497445716628363	-1.0
501	-124.31000788234523	0.001148594827085958	-1.0
502	-124.30891785912299	0.0010900232222468276	-1.0
503	-124.30777150291395	0.0011463562090341384	-1.0
504	-124.30668371607113	0.0010877868428167403	-1.0
505	-124.30553959400515	0.0011441220659804685	-1.0
506	-124.30445403907125	0.0010855549339083836	-1.0
507	-124.30331214668226	0.0011418923889863208	-1.0
508	-124.30222881919568	0.00108332748658313	-1.0
509	-124.30114657503658	0.001082244159093193	-1.0
510	-124.30000799011164	0.0011385849249450075	-1.0
511	-124.29892796678163	0.0010800233300045647	-1.0
512	-124.29779160046493	0.0011363663167003324	-1.0
513	-124.29671379352457	0.0010778069403585278	-1.0
514	-124.29563706439116	0.0010767291334161655	-1.0
515	-124.29450398897686	0.001133075414301743	-1.0
516	-124.29337204663797	0.0011319423388869154	-1.0
517	-124.29229865925143	0.001073387386540503	-1.0
518	-124.29116892224226	0.0011297370091654102	-1.0
519	-124.29009773798012	0.0010711842621446976	-1.0
520	-124.28897020189223	0.0011275360878926222	-1.0
521	-124.28790121635043	0.0010689855417922445	-1.0
522	-124.28683329979418	0.0010679165562521575	-1.0
523	-124.28570902814447	0.0011242716497150695	-1.0
524	-124.28464330377642	0.001065724368046972	-1.0
525	-124.28352122212273	0.0011220816536905431	-1.0
526	-124.28245768556071	0.001063536562014633	-1.0
527	-124.28139521253526	0.0010624730254562564	-1.0
528	-124.28027637897281	0.0011188335624439105	-1.0
529	-124.27921608725394	0.0010602917188720085	-1.0
530	-124.27809943281677	0.001116654437169018	-1.0
531	-124.27704131804406	0.0010581147727179996	-1.0
532	-124.2759268383761	0.001114479667961632	-1.0
533	-124.27487089619783	0.001055942178268765	-1.0
534	-124.27375858695171	0.0011123092461104989	-1.0
535	-124.27270071463772	0.0010578723139929025	-1.0
536	-124.27159009177109	0.0011106228666335483	-1.0
537	-124.27053438795228	0.001055703818806819	-1.0
538	-124.2694797398373	0.0010546481149873443	-1.0
539	-124.26837233794546	0.0011074018918293405	-1.0
540	-124.26731985188047	0.0010524860649923085	-1.0
541	-124.26626841830155	0.001051433578922456	-1.0
542	-124.26516422773125	0.0011041905703024213	-1.0
543	-124.26411494977647	0.0010492779547774944	-1.0
544	-124.26306672109965	0.0010482286768223048	-1.0
545	-124.26196562604643	0.0011010950532153174	-1.0
546	-124.26091954669334	0.0010460793530882029	-1.0
547	-124.2598745134196	0.0010450332737406143	-1.0
548	-124.25883052517914	0.0010439882404682521	-1.0
549	-124.25773366632184	0.0010968588572950466	-1.0
550	-124.25669181892847	0.0010418473933668793	-1.0
551	-124.2556510133825	0.0010408055459691923	-1.0
552	-124.25455733403702	0.0010936793454874305	-1.0
553	-124.25351412684023	0.001043207196786966	-1.0
554	-124.25242216189903	0.0010919649411960108	-1.0
555	-124.25133128892278	0.001090872976249102	-1.0
556	-124.2502913077711	0.0010399811516776936	-1.0
557	-124.24920256564899	0.001088742122121289	-1.0
558	-124.24816471322059	0.0010378524283964907	-1.0
559	-124.24712789864462	0.0010368145759684921	-1.0
560	-124.246091839353	0.0010360592916214273	-1.0
561	-124.2450560209977	0.0010358183553051958	-1.0
562	-124.24397158781909	0.0010844331786046268	-1.0
563	-124.24293788971532	0.001033698103768188	-1.0
564	-124.241855574668	0.0010823150473271426	-1.0
565	-124.24082399257738	0.001031582090618599	-1.0
566	-124.23974379142719	0.0010802011501880315	-1.0
567	-124.23871432111982	0.0010294703073725486	-1.0
568	-124.23768588028274	0.0010284408370750953	-1.0
569	-124.23660881724484	0.001077063037897119	-1.0
570	-124.23558248191165	0.0010263353331936287	-1.0
571	-124.23450752227212	0.0010749596395243088	-1.0
572	-124.2334832882339	0.0010242340382262682	-1.0
573	-124.23246007842971	0.001023209804188241	-1.0
574	-124.23138824119367	0.0010718372360400963	-1.0
575	-124.23036712643652	0.0010211147571510537	-1.0
576	-124.22929738215247	0.0010697442840523763	-1.0
577	-124.22827835825436	0.0010190238981095945	-1.0
578	-124.22721070273849	0.0010676555158681822	-1.0
579	-124.2261937655198	0.0010169372186936698	-1.0
580	-124.22512819459666	0.0010655709231315313	-1.0
581	-124.22411333988612	0.0010148547105472971	-1.0
582	-124.22304984938862	0.001063490497500652	-1.0
583	-124.22203479083325	0.0010150585553674318	-1.0
584	-124.22097266961761	0.0010621212156394222	-1.0
585	-124.21995968824201	0.0010129813755952455	-1.0
586	-124.21889964212896	0.0010600461130536587	-1.0
587	-124.21788873378085	0.0010109083481069092	-1.0
588	-124.21683075862227	0.0010579751585879649	-1.0
589	-124.21581913068219	0.0010116279400733674	-1.0
590	-124.21476145202507	0.0010576786571192542	-1.0
591	-124.2137518933916	0.0010095586334699647	-1.0
592	-124.21269628197177	0.0010556114198294608	-1.0
593	-124.21168878850835	0.0010074934634189958	-1.0
594	-124.21063524019341	0.0010535483149425318	-1.0
595	-124.20962980777178	0.0010054324216355326	-1.0
596	-124.20857831843756	0.0010514893342161713	-1.0
597	-124.20757494293767	0.00100337549989149	-1.0
598	-124.20652550846829	0.001049434469379662	-1.0
599	-124.20552418577837	0.001001322689916151	-1.0
600	-124.20447680206615	0.0010473837122191298	-1.0
601	-124.20347752808264	0.0009992739835098519	-1.0
602	-124.20247925337311	0.0009982747095307332	-1.0
603	-124.20143455750895	0.001044695864166556	-1.0
604	-124.20043582261384	0.000998734895105713	-1.0
605	-124.1993926606959	0.0010431619179342988	-1.0
606	-124.19839596769762	0.000996692998285198	-1.0
607	-124.19735484563459	0.0010411220630288653	-1.0
608	-124.19636019045137	0.0009946551832200612	-1.0
609	-124.19536652992333	0.0009936605280387312	-1.0
610	-124.19437386305582	0.0009926668675177552	-1.0
611	-124.19333676309743	0.0010370999583813045	-1.0
612	-124.19234612599675	0.0009906371006849213	-1.0
613	-124.19131105377542	0.0010350722213274821	-1.0
614	-124.19032244238406	0.0009886113913637473	-1.0
615	-124.18933481960408	0.0009876227799736625	-1.0
616	-124.18830275868916	0.0010320609149232496	-1.0
617	-124.18731715559288	0.0009856030962822615	-1.0
618	-124.18628711234196	0.0010300432509211532	-1.0
619	-124.18530352489202	0.0009835874499373176	-1.0
620	-124.1842754952718	0.0010280296202154204	-1.0
621	-124.18329142209593	0.0009840731758714583	-1.0
622	-124.18230032625013	0.0009910958458050345	-1.0
623	-124.18131022150017	0.0009901047499596416	-1.0
624	-124.18032060369923	0.0009896178009398682	-1.0
625	-124.17933147249616	0.0009891312030703148	-1.0
626	-124.17834259563283	0.0009888768633317113	-1.0
627	-124.17735420513041	0.0009883905024139494	-1.0
628	-124.1763668030185	0.0009874021119173904	-1.0
629	-124.1753411807274	0.0010256222910953738	-1.0
630	-124.1743557916399	0.0009853890875035631	-1.0
631	-124.17337138794147	0.000984403698424785	-1.0
632	-124.17234876106545	0.0010226268760220592	-1.0
633	-124.1713663643976	0.0009823966678510487	-1.0
634	-124.17034574254512	0.001020621852475756	-1.0
635	-124.1693588686863	0.0009868738588210135	-1.0
636	-124.16837298170134	0.000985886984963713	-1.0
637	-124.16738808060336	0.0009849010979792183	-1.0
638	-124.16636762037571	0.0010204602276502328	-1.0
639	-124.16538472463905	0.0009828957366551094	-1.0
640	-124.16436626776738	0.0010184568716766762	-1.0
641	-124.16338537338333	0.0009808943840425854	-1.0
642	-124.16236891586291	0.0010164575204214543	-1.0
643	-124.16139001883077	0.0009788970321409352	-1.0
644	-124.1603755566649	0.001014462165869645	-1.0
645	-124.15939865299197	0.0009769036729352365	-1.0
646	-124.1584227262227	0.0009759267692714957	-1.0
647	-124.15741123134943	0.001011494873267793	-1.0
648	-124.15643729200181	0.0009739393476166924	-1.0
649	-124.15546432659353	0.0009729654082804018	-1.0
650	-124.1544557901199	0.0010085364736340807	-1.0
651	-124.1534848062135	0.0009709839063987147	-1.0
652	-124.152514793291	0.0009700129224938792	-1.0
653	-124.15154548244223	0.00096931084877383	-1.0
654	-124.1505764096502	0.0009690727920315112	-1.0
655	-124.14960830593095	0.0009681037192450503	-1.0
656	-124.14860492231884	0.0010033836121152717	-1.0
657	-124.14760261441297	0.001002307905864086	-1.0
658	-124.14663698518582	0.000965629227152931	-1.0
659	-124.1456723215879	0.0009646635979265739	-1.0
660	-124.14467294628277	0.0009993753051276144	-1.0
661	-124.14370778959945	0.000965156683321311	-1.0
662	-124.14274310004453	0.0009646895549195733	-1.0
663	-124.14174422815363	0.0009988718908999772	-1.0
664	-124.14078150216015	0.000962725993474578	-1.0
665	-124.13978459186714	0.0009969102930114104	-1.0
666	-124.13882382550996	0.0009607663571813418	-1.0
667	-124.13782887289359	0.0009949526163666178	-1.0
668	-124.13687006225538	0.0009588106382096839	-1.0
669	-124.13587706340228	0.0009929988531069966	-1.0
670	-124.13492020457356	0.0009568588287152124	-1.0
671	-124.13396430260367	0.0009559019698883731	-1.0
672	-124.13300935653575	0.0009549460679210142	-1.0
673	-124.13202021838836	0.0009891381473892125	-1.0
674	-124.13106671826053	0.0009535001278351274	-1.0
675	-124.1301136736009	0.0009530446596244246	-1.0
676	-124.12916158198594	0.0009520916149625691	-1.0
677	-124.12817550138571	0.0009860806002279787	-1.0
678	-124.12722534794297	0.0009501534427442948	-1.0
679	-124.12624120357678	0.0009841443661855465	-1.0
680	-124.12529298443184	0.0009482191449450283	-1.0
681	-124.12434571350605	0.0009472709257920542	-1.0
682	-124.1233644487743	0.0009812647317488654	-1.0
683	-124.12238416530728	0.000980283467015397	-1.0
684	-124.12143980320062	0.0009443621066651531	-1.0
685	-124.12046144437917	0.000978358821441816	-1.0
686	-124.11951900499344	0.0009424393857386804	-1.0
687	-124.11857750804708	0.0009414969463534817	-1.0
688	-124.11760201152079	0.0009754965262942505	-1.0
689	-124.1166624315679	0.0009395799528846283	-1.0
690	-124.11572379119497	0.0009386403729365611	-1.0
691	-124.11475114838552	0.0009726428094438688	-1.0
692	-124.11381441929578	0.0009367290897444036	-1.0
693	-124.11287862693511	0.0009357923606643226	-1.0
694	-124.11190882928993	0.0009697976451832346	-1.0
695	-124.11097494251928	0.0009338867706532028	-1.0
696	-124.11000704855851	0.000967893960762467	-1.0
697	-124.1090750635686	0.0009319849899185328	-1.0
698	-124.10814401056366	0.0009310530049333465	-1.0
699	-124.10717894753485	0.0009650630288149387	-1.0
700	-124.10624979064595	0.0009291568889011614	-1.0
701	-124.10528662183705	0.0009631688088944657	-1.0
702	-124.10435935727385	0.0009272645632023568	-1.0
703	-124.10343301997521	0.0009263372986367813	-1.0
704	-124.102472667937	0.0009603520382199804	-1.0
705	-124.10154821732769	0.0009244506093040172	-1.0
706	-124.100624691169	0.0009235261586866272	-1.0
707	-124.09966721145817	0.0009574797108342636	-1.0
708	-124.09874556630534	0.0009216451528288871	-1.0
709	-124.09778996571937	0.0009556005859678862	-1.0
710	-124.0968701978123	0.0009197679070780396	-1.0
711	-124.09591647259482	0.0009537252174709465	-1.0
712	-124.09499857818086	0.0009178944139591749	-1.0
713	-124.09404672458302	0.0009518535978401133	-1.0
714	-124.09313069991708	0.0009160246659405402	-1.0
715	-124.0922155912758	0.0009151086412799714	-1.0
716	-124.09126652066486	0.0009490706109431812	-1.0
717	-124.09035327620283	0.0009132444620263414	-1.0
718	-124.08940606790696	0.0009472082958694727	-1.0
719	-124.0884946838977	0.0009113840092709324	-1.0
720	-124.08758421127243	0.0009104726252644468	-1.0
721	-124.0866397720415	0.0009444392309347904	-1.0
722	-124.08573115432809	0.0009086177134065565	-1.0
723	-124.08482344523239	0.0009077090956992606	-1.0
724	-124.08388176676749	0.0009416784648976773	-1.0
725	-124.08297590705936	0.0009058597081263997	-1.0
726	-124.08207095321094	0.0009049538484191544	-1.0
727	-124.08113202723807	0.0009389259728749266	-1.0
728	-124.08022891726947	0.0009031099686040989	-1.0
729	-124.07929183333253	0.0009370839369324813	-1.0
730	-124.07839056355783	0.0009012697747010634	-1.0
731	-124.07745531797461	0.0009352455832214446	-1.0
732	-124.0765553869198	0.0008999310548176709	-1.0
733	-124.07565635579603	0.0008990311237653259	-1.0
734	-124.07475772578475	0.0008986300112781009	-1.0
735	-124.07385999440349	0.0008977313812579268	-1.0
736	-124.07296316075362	0.0008968336498753615	-1.0
737	-124.07203260232747	0.0009305584261483091	-1.0
738	-124.07113759606966	0.0008950062578065854	-1.0
739	-124.07024348481812	0.0008941112515401528	-1.0
740	-124.06935026767782	0.0008932171403017719	-1.0
741	-124.06842332214474	0.0009269455330809251	-1.0
742	-124.06753192516712	0.000891396977621639	-1.0
743	-124.06664141958647	0.0008905055806422979	-1.0
744	-124.06571718290148	0.0009242366849946393	-1.0
745	-124.0648284920631	0.0008886908383800574	-1.0
746	-124.06390606830564	0.0009224237574585459	-1.0
747	-124.06301918858186	0.0008868797237795434	-1.0
748	-124.0621331957378	0.000885992844061434	-1.0
749	-124.06121346727666	0.0009197284611417444	-1.0
750	-124.06032928015391	0.0008841871227502907	-1.0
751	-124.05941135560835	0.0009179245455612772	-1.0
752	-124.05852897059727	0.0008823850110815101	-1.0
753	-124.05761284636127	0.0009161242359994048	-1.0
754	-124.05673225985943	0.0008805865018359782	-1.0
755	-124.05585255394409	0.000879705915338036	-1.0
756	-124.05497372773468	0.0008788262094157062	-1.0
757	-124.05406115874155	0.0009125689931295256	-1.0
758	-124.05318412392732	0.0008770348142235207	-1.0
759	-124.052273344538	0.0009107793893292637	-1.0
760	-124.05139809753798	0.000875247000010404	-1.0
761	-124.05052372578497	0.0008743717530137474	-1.0
762	-124.0496502284037	0.0008734973812636326	-1.0
763	-124.0487429829099	0.0009072454938063856	-1.0
764	-124.04787126627151	0.0008717166383860331	-1.0
765	-124.04696579973984	0.0009054665316767796	-1.0
766	-124.04609586028462	0.0008699394552138529	-1.0
767	-124.04522679076887	0.0008690695157582695	-1.0
768	-124.04432396871269	0.0009028220561759781	-1.0
769	-124.04345667108849	0.0008672976241967945	-1.0
770	-124.042555619152	0.0009010519364949232	-1.0
771	-124.04169008987736	0.0008655292746340137	-1.0
772	-124.040825426132	0.0008646637453608719	-1.0
773	-124.03996162705039	0.0008637990816140473	-1.0
774	-124.03906407015793	0.0008975568924540767	-1.0
775	-124.0382020324323	0.0008620377256391976	-1.0
776	-124.03730623513447	0.0008957972978294038	-1.0
777	-124.03644595524385	0.0008602798906167664	-1.0
778	-124.0355519140232	0.0008940412206470683	-1.0
779	-124.0346933884537	0.0008585255694981697	-1.0
780	-124.03383572140977	0.0008576670439310874	-1.0
781	-124.03294429042296	0.0008914309868117698	-1.0
782	-124.03208837247706	0.0008559179458984545	-1.0
783	-124.03123331044911	0.0008550620279521581	-1.0
784	-124.03037910348318	0.0008542069659256413	-1.0
785	-124.0294911291143	0.0008879743688794406	-1.0
786	-124.02863866432972	0.0008524647845860045	-1.0
787	-124.02778705200991	0.0008516123198063497	-1.0
788	-124.0269016696925	0.0008853823174064246	-1.0
789	-124.02605179436733	0.0008498753251728886	-1.0
790	-124.02516814730757	0.0008836470597657353	-1.0
791	-124.02432000550478	0.0008481418027912468	-1.0
792	-124.0234727118438	0.0008472936609820181	-1.0
793	-124.02262626547648	0.0008464463673192313	-1.0
794	-124.0217460439456	0.000880221530877634	-1.0
795	-124.02090132424617	0.0008447196994296746	-1.0
796	-124.02005744926645	0.000843874979722159	-1.0
797	-124.0192144181617	0.0008430311047504802	-1.0
798	-124.01833760847813	0.000876809683560964	-1.0
799	-124.01749629721418	0.0008413112639544806	-1.0
800	-124.01665582726149	0.0008404699526920467	-1.0
801	-124.01578157616882	0.0008742510926680325	-1.0
802	-124.01494282093718	0.0008387552316406754	-1.0
803	-124.01407028285084	0.0008725380863410237	-1.0
804	-124.0132332389125	0.0008370439383327266	-1.0
805	-124.01239703201811	0.0008362068943910117	-1.0
806	-124.01152703972069	0.00086999229742446	-1.0
807	-124.0106925390255	0.0008345006951913092	-1.0
808	-124.00982425122108	0.0008682878044226072	-1.0
809	-124.00899145331438	0.0008327979066962143	-1.0
810	-124.00812486659567	0.0008665867187147569	-1.0
811	-124.0072937680736	0.000831098522070306	-1.0
812	-124.00646350065004	0.0008302674235523	-1.0
813	-124.00563406349391	0.0008294371561277103	-1.0
814	-124.00477083416502	0.0008632293288997062	-1.0
815	-124.00394308967537	0.000827744489640736	-1.0
816	-124.00308155132029	0.0008615383550818478	-1.0
817	-124.00225549611349	0.0008260552068009019	-1.0
818	-124.0014302669619	0.0008252291515873367	-1.0
819	-124.00060586303947	0.0008244039224365451	-1.0
820	-123.99974766191103	0.0008582011284374857	-1.0
821	-123.99892494059364	0.0008227213173910286	-1.0
822	-123.99806842038764	0.0008565202059998001	-1.0
823	-123.99724737831177	0.000821042075870082	-1.0
824	-123.99642715727798	0.000820221033791313	-1.0
825	-123.99557313485529	0.0008540224226862847	-1.0
826	-123.99475458806496	0.0008185467903274457	-1.0
827	-123.9939022382115	0.0008523498534600549	-1.0
828	-123.99308536231781	0.0008168758936903942	-1.0
829	-123.99226930330002	0.0008160590177936911	-1.0
830	-123.99145406034124	0.0008152429587795496	-1.0
831	-123.9906050110155	0.000849049325736928	-1.0
832	-123.98979143234901	0.0008135786664951183	-1.0
833	-123.98894404565125	0.0008473866977567468	-1.0
834	-123.98813212795012	0.0008119177011280954	-1.0
835	-123.98728640055677	0.0008457273933544229	-1.0
836	-123.98647614050074	0.0008102600560278006	-1.0
837	-123.98566669070476	0.0008094497959802993	-1.0
838	-123.98482342874865	0.0008432619561062893	-1.0
839	-123.98401563166443	0.0008077970842208515	-1.0
840	-123.98320864237729	0.000806989287141846	-1.0
841	-123.98240246007944	0.0008061822978504551	-1.0
842	-123.98156246235396	0.0008399977254782698	-1.0
843	-123.98075792623614	0.0008045361178261601	-1.0
844	-123.97995419465443	0.0008037315817119861	-1.0
845	-123.97911664519437	0.0008375494600585398	-1.0
846	-123.9783145548937	0.0008020903006666913	-1.0
847	-123.9774786450734	0.0008359098202959103	-1.0
848	-123.97667819277285	0.0008004523005524788	-1.0
849	-123.9758785409246	0.000799651848254257	-1.0
850	-123.97504506711827	0.0008334738063240366	-1.0
851	-123.97424704839568	0.0007980187225911095	-1.0
852	-123.97344982769181	0.0007972207038733359	-1.0
853	-123.97265340420864	0.0007964234831661088	-1.0
854	-123.9718575111033	0.0007958931053480001	-1.0
855	-123.97106241389106	0.0007950972122330313	-1.0
856	-123.97026811177604	0.0007943021150254026	-1.0
857	-123.96947460396312	0.0007935078129150952	-1.0
858	-123.96868162370498	0.0007929802581401191	-1.0
859	-123.96788893903219	0.0007926846727883685	-1.0
860	-123.96709704704408	0.0007918919881149122	-1.0
861	-123.96630568117915	0.0007913658649272293	-1.0
862	-123.96551510668009	0.0007905744990637231	-1.0
863	-123.964690826903	0.0008242797770918742	-1.0
864	-123.96390186725822	0.0007889596447796521	-1.0
865	-123.96311369657307	0.0007881706851406989	-1.0
866	-123.96232631405863	0.0007873825144457669	-1.0
867	-123.96150522307417	0.0008210909844592607	-1.0
868	-123.96071944903322	0.0007857740409491498	-1.0
869	-123.95989996491377	0.0008194841194466562	-1.0
870	-123.95911579613099	0.0007841687827863097	-1.0
871	-123.95829791566445	0.0008178804665419648	-1.0
872	-123.9575153489309	0.0007825667335481512	-1.0
873	-123.95669906891156	0.0008162800193360908	-1.0
874	-123.95591810102478	0.0007809678867829462	-1.0
875	-123.95510341825334	0.0008146827714341498	-1.0
876	-123.9543240460172	0.0007793722361384425	-1.0
877	-123.95351095730078	0.0008130887164270462	-1.0
878	-123.9527331775256	0.0007777797751771232	-1.0
879	-123.9519561755302	0.0007770019954023155	-1.0
880	-123.9511799505368	0.0007762249934017973	-1.0
881	-123.95040423591156	0.0007757146252345137	-1.0
882	-123.94962757412348	0.0007766617880804461	-1.0
883	-123.94881735283933	0.0008102212841549772	-1.0
884	-123.94804154919504	0.0007758036442879757	-1.0
885	-123.94726652135441	0.0007750278406319921	-1.0
886	-123.94645824774538	0.000808273609024468	-1.0
887	-123.94568480320619	0.0007734445391918143	-1.0
888	-123.94487811131532	0.0008066918908724574	-1.0
889	-123.94410624691255	0.000771864402764777	-1.0
890	-123.94330113357798	0.0008051133345787775	-1.0
891	-123.94253084615295	0.0007702874250270497	-1.0
892	-123.94176132901535	0.000769517137598541	-1.0
893	-123.9409925813949	0.0007687476204552013	-1.0
894	-123.94019058172583	0.0008019996690649123	-1.0
895	-123.93942340485266	0.000767176873168296	-1.0
896	-123.93865699515636	0.0007664096962969325	-1.0
897	-123.93785733107354	0.0007996640828196178	-1.0
898	-123.93709248745103	0.0007648436225196065	-1.0
899	-123.93632840867213	0.0007640787789000569	-1.0
900	-123.93556509397202	0.0007633147001087082	-1.0
901	-123.93476852179037	0.0007965721816418636	-1.0
902	-123.93400676697713	0.0007617548132401453	-1.0
903	-123.93321175312249	0.0007950138546419794	-1.0
904	-123.93241753428171	0.0007942188407810136	-1.0
905	-123.93165813045599	0.0007594038257252578	-1.0
906	-123.93086481907378	0.0007933113822105042	-1.0
907	-123.93010696796325	0.0007578511105208463	-1.0
908	-123.92931520774354	0.0007917602197125007	-1.0
909	-123.92855890624436	0.0007563014991802675	-1.0
910	-123.92780336104667	0.0007555451976912764	-1.0
911	-123.92704857139418	0.0007547896524897624	-1.0
912	-123.92625986957104	0.0007887018231400589	-1.0
913	-123.92547195644971	0.0007879131213286428	-1.0
914	-123.92471949820182	0.0007524582478879438	-1.0
915	-123.92396779241218	0.0007517057896393453	-1.0
916	-123.92318217136803	0.0007856210441588019	-1.0
917	-123.92243200290521	0.0007501684628152816	-1.0
918	-123.92168258461086	0.0007494182943474925	-1.0
919	-123.9208992487745	0.0007833358363598109	-1.0
920	-123.92015136323428	0.0007478855402212048	-1.0
921	-123.91940422557961	0.0007471376546703823	-1.0
922	-123.91864927270188	0.0007549528777275327	-1.0
923	-123.91789507477704	0.0007541979248486541	-1.0
924	-123.91714163105011	0.0007534437269214322	-1.0
925	-123.91635790393111	0.0007837271189998773	-1.0
926	-123.91560527218064	0.0007526317504726876	-1.0
927	-123.91485339306192	0.0007518791187237639	-1.0
928	-123.91407129696094	0.0007820961009770144	-1.0
929	-123.91332045811538	0.0007508388455619297	-1.0
930	-123.91257037010865	0.0007500880067254911	-1.0
931	-123.91178989958495	0.0007804705237077769	-1.0
932	-123.911036503813	0.0007533957719516593	-1.0
933	-123.910282907715	0.0007535960979936362	-1.0
934	-123.90950221578525	0.0007806919297479453	-1.0
935	-123.90875015397529	0.0007520618099619014	-1.0
936	-123.9079703311183	0.0007798228569839694	-1.0
937	-123.90721980119301	0.0007505299252983377	-1.0
938	-123.9064415086888	0.0007782925042079114	-1.0
939	-123.90569250758594	0.0007490011028608023	-1.0
940	-123.90494425548418	0.0007482521017578847	-1.0
941	-123.90419675163453	0.0007475038496522757	-1.0
942	-123.90342148217988	0.0007752694546496741	-1.0
943	-123.90267550110353	0.0007459810763492669	-1.0
944	-123.90193026600825	0.0007452350952803499	-1.0
945	-123.90118577614807	0.0007444898601818295	-1.0
946	-123.90044203077775	0.0007437453703147412	-1.0
947	-123.89967051604395	0.0007715147337989947	-1.0
948	-123.89892828593374	0.0007422301102195661	-1.0
949	-123.89815828494478	0.0007700009889504145	-1.0
950	-123.89741756706566	0.000740717879125441	-1.0
951	-123.89664907679558	0.0007684902700759721	-1.0
952	-123.89590986812462	0.0007392086709643308	-1.0
953	-123.89514288555348	0.0007669825711360545	-1.0
954	-123.89440518307376	0.0007377024797250442	-1.0
955	-123.89366821829651	0.000736964777246385	-1.0
956	-123.8929034773752	0.0007647409213120682	-1.0
957	-123.89216801430365	0.0007354630715497024	-1.0
958	-123.89143328669518	0.0007347276084743726	-1.0
959	-123.89069929381431	0.0007339928808676177	-1.0
960	-123.88993752181747	0.0007617719968351366	-1.0
961	-123.88920502470148	0.0007324971159903271	-1.0
962	-123.8884732600826	0.0007317646188766957	-1.0
963	-123.88771371411951	0.0007595459630920232	-1.0
964	-123.88698344081122	0.0007302733082923396	-1.0
965	-123.88625389777624	0.0007295430349785192	-1.0
966	-123.88549657117545	0.0007573266007909751	-1.0
967	-123.88476851501011	0.000728056165343105	-1.0
968	-123.88404118690093	0.0007273281091784156	-1.0
969	-123.88331458611985	0.0007266007810784458	-1.0
970	-123.88258339743588	0.0007311886839715953	-1.0
971	-123.88182693060547	0.0007564668304098632	-1.0
972	-123.88109722957702	0.0007297010284474936	-1.0
973	-123.8803682582496	0.0007289713274190035	-1.0
974	-123.87961379614178	0.0007544621078210412	-1.0
975	-123.8788863082478	0.0007274878939824703	-1.0
976	-123.8781333480218	0.0007529602259950252	-1.0
977	-123.87740734057594	0.0007260074458628196	-1.0
978	-123.87668205913752	0.0007252814384202111	-1.0
979	-123.87593109069054	0.0007509684469795275	-1.0
980	-123.875207285502	0.0007238051885423147	-1.0
981	-123.87448420411866	0.0007230813833416505	-1.0
982	-123.87376184581669	0.0007223583019708713	-1.0
983	-123.87301379758303	0.00074804823366037	-1.0
984	-123.8722929096876	0.0007208878954259035	-1.0
985	-123.87157274268007	0.0007201670075289712	-1.0
986	-123.87085329583955	0.000719446840520277	-1.0
987	-123.87010815615588	0.0007451396836728463	-1.0
988	-123.86939017390188	0.0007179822540024361	-1.0
989	-123.86864649734014	0.0007436765617399033	-1.0
990	-123.86792997674495	0.0007165205951906728	-1.0
991	-123.86721417267036	0.0007158040745878225	-1.0
992	-123.86647267210985	0.000741500560508257	-1.0
993	-123.8657583253399	0.0007143467699535222	-1.0
994	-123.86504469291671	0.0007136324231851177	-1.0
995	-123.86430536183596	0.0007393310807515263	-1.0
996	-123.86359318237628	0.0007121794596827158	-1.0
997	-123.86288171509605	0.0007114672802259747	-1.0
998	-123.86216926128891	0.0007124538071394682	-1.0
999	-123.86143170167956	0.0007375596093481818	-1.0
1000	-123.86072069788584	0.00071100379372524	-1.0
1001	-123.8599845868399	0.0007361110459385145	-1.0
1002	-123.85924921190501	0.0007353749348908423	-1.0
1003	-123.85853915792083	0.0007100539841786713	-1.0
1004	-123.8578048119246	0.0007343459962356746	-1.0
1005	-123.8570962023404	0.0007086095841941642	-1.0
1006	-123.85636329929974	0.0007329030406566517	-1.0
1007	-123.85565613122817	0.0007071680715711182	-1.0
1008	-123.85492466825863	0.0007314629695400754	-1.0
1009	-123.85421893881811	0.0007057294405257153	-1.0
1010	-123.85348628625914	0.0007326525589661514	-1.0
1011	-123.85277537884612	0.00071090741302271	-1.0
1012	-123.85204417377531	0.0007312050708065954	-1.0
1013	-123.85132190859329	0.0007222651820200099	-1.0
1014	-123.85058325280225	0.0007386557910393776	-1.0
1015	-123.8498624485412	0.0007208042610500343	-1.0
1016	-123.84912525221021	0.0007371963309878993	-1.0
1017	-123.84840590594976	0.0007193462604533352	-1.0
1018	-123.84767016616136	0.0007357397883964722	-1.0
1019	-123.84695227498696	0.0007178911744034622	-1.0
1020	-123.84621798882954	0.0007342861574244353	-1.0
1021	-123.84550154983246	0.0007164389970739649	-1.0
